wavelength[Angstrom], flux[erg / (cm3 s)]
1.000000e+03, 6.677892e-09
1.020000e+03, 1.614766e-08
1.040400e+03, 6.421540e-08
1.061208e+03, 2.110756e-07
1.082432e+03, 9.195106e-07
1.104081e+03, 3.603870e-06
1.126162e+03, 1.547140e-05
1.148686e+03, 4.122566e-05
1.171659e+03, 7.694688e-05
1.195093e+03, 6.529713e-04
1.218994e+03, 1.233759e-03
1.243374e+03, 1.145007e-02
1.268242e+03, 1.783965e-02
1.293607e+03, 6.771541e-02
1.319479e+03, 1.065935e-01
1.345868e+03, 2.542590e-01
1.372786e+03, 4.921877e-01
1.400241e+03, 3.074433e+00
1.428246e+03, 9.698374e+00
1.456811e+03, 2.148263e+01
1.485947e+03, 4.423616e+01
1.515666e+03, 6.593209e+01
1.545980e+03, 5.958787e+01
1.576899e+03, 1.597152e+02
1.608437e+03, 1.877908e+02
1.640606e+03, 4.684684e+02
1.673418e+03, 9.458720e+02
1.706886e+03, 1.973225e+03
1.741024e+03, 3.689182e+03
1.775845e+03, 7.351102e+03
1.811362e+03, 1.369842e+04
1.847589e+03, 2.032628e+04
1.884541e+03, 3.861457e+04
1.922231e+03, 8.289908e+04
1.960676e+03, 1.443697e+05
1.999890e+03, 2.497647e+05
2.039887e+03, 4.019902e+05
2.080685e+03, 1.638421e+06
2.122299e+03, 3.332204e+06
2.164745e+03, 4.539943e+06
2.208040e+03, 8.864647e+06
2.252200e+03, 1.811058e+07
2.297244e+03, 3.170599e+07
2.343189e+03, 5.121617e+07
2.390053e+03, 1.243081e+08
2.437854e+03, 2.915239e+08
2.486611e+03, 2.759845e+08
2.536344e+03, 9.136737e+08
2.587070e+03, 1.298885e+09
2.638812e+03, 4.538061e+09
2.691588e+03, 5.607475e+09
2.745420e+03, 7.052568e+09
2.800328e+03, 1.410651e+10
2.856335e+03, 1.120422e+10
2.913461e+03, 4.753813e+10
2.971731e+03, 3.536335e+10
3.031165e+03, 4.486705e+10
3.091789e+03, 1.600384e+11
3.153624e+03, 4.067392e+11
3.216697e+03, 3.977137e+11
3.281031e+03, 8.113853e+11
3.346651e+03, 7.615018e+11
3.413584e+03, 6.191240e+11
3.481856e+03, 6.407320e+11
3.551493e+03, 9.628415e+11
3.622523e+03, 9.061591e+11
3.694974e+03, 1.353782e+12
3.768873e+03, 1.376125e+12
3.844251e+03, 1.252393e+12
3.921136e+03, 1.473529e+12
3.999558e+03, 3.281414e+12
4.079549e+03, 4.429285e+12
4.161140e+03, 4.093306e+12
4.244363e+03, 2.156773e+12
4.329250e+03, 4.934955e+12
4.415835e+03, 5.277090e+12
4.504152e+03, 6.293377e+12
4.594235e+03, 6.210831e+12
4.686120e+03, 5.998090e+12
4.779842e+03, 4.965425e+12
4.875439e+03, 7.087745e+12
4.972948e+03, 6.350997e+12
5.072407e+03, 6.464312e+12
5.173855e+03, 6.756712e+12
5.277332e+03, 1.099299e+13
5.382879e+03, 1.321180e+13
5.490536e+03, 1.053161e+13
5.600347e+03, 1.130213e+13
5.712354e+03, 1.342896e+13
5.826601e+03, 1.303698e+13
5.943133e+03, 8.791923e+12
6.061996e+03, 1.668862e+13
6.183236e+03, 1.244715e+13
6.306900e+03, 1.272348e+13
6.433038e+03, 1.590631e+13
6.561699e+03, 2.115037e+13
6.692933e+03, 1.438911e+13
6.826792e+03, 1.249340e+13
6.963328e+03, 2.033259e+13
7.102594e+03, 1.802363e+13
7.244646e+03, 2.261325e+13
7.389539e+03, 3.800766e+13
7.537330e+03, 4.173619e+13
7.688076e+03, 2.995825e+13
7.841838e+03, 3.337165e+13
7.998675e+03, 4.157056e+13
8.158648e+03, 4.514060e+13
8.321821e+03, 4.436539e+13
8.488258e+03, 3.798326e+13
8.658023e+03, 4.297485e+13
8.831183e+03, 4.485814e+13
9.007807e+03, 4.427591e+13
9.187963e+03, 4.764600e+13
9.371722e+03, 4.560875e+13
9.559157e+03, 4.749347e+13
9.750340e+03, 4.713259e+13
9.945347e+03, 4.102789e+13
1.014425e+04, 4.207425e+13
1.034714e+04, 4.196891e+13
1.055408e+04, 4.405695e+13
1.076516e+04, 4.507424e+13
1.098047e+04, 4.519564e+13
1.120008e+04, 4.442712e+13
1.142408e+04, 4.340496e+13
1.165256e+04, 4.341719e+13
1.188561e+04, 4.208474e+13
1.212332e+04, 4.195111e+13
1.236579e+04, 4.110560e+13
1.261310e+04, 4.005618e+13
1.286537e+04, 3.922999e+13
1.312267e+04, 3.835993e+13
1.338513e+04, 3.515964e+13
1.365283e+04, 3.390157e+13
1.392589e+04, 3.245725e+13
1.420440e+04, 3.071056e+13
1.448849e+04, 3.001139e+13
1.477826e+04, 2.887260e+13
1.507383e+04, 2.870107e+13
1.537530e+04, 2.830492e+13
1.568281e+04, 2.810865e+13
1.599647e+04, 2.818723e+13
1.631640e+04, 2.765982e+13
1.664272e+04, 2.741677e+13
1.697558e+04, 2.614260e+13
1.731509e+04, 2.372910e+13
1.766139e+04, 2.112775e+13
1.801462e+04, 1.902238e+13
1.837491e+04, 1.753807e+13
1.874241e+04, 1.623474e+13
1.911726e+04, 1.597385e+13
1.949960e+04, 1.467154e+13
1.988959e+04, 1.371971e+13
2.028739e+04, 1.356249e+13
2.069313e+04, 1.303926e+13
2.110700e+04, 1.273414e+13
2.152914e+04, 1.254988e+13
2.195972e+04, 1.216212e+13
2.239891e+04, 1.193401e+13
2.284689e+04, 1.118851e+13
2.330383e+04, 1.011192e+13
2.376991e+04, 9.229802e+12
2.424531e+04, 8.068969e+12
2.473021e+04, 6.995750e+12
2.522482e+04, 6.199204e+12
2.572931e+04, 5.916153e+12
2.624390e+04, 5.766298e+12
2.676878e+04, 5.529520e+12
2.730415e+04, 5.025762e+12
2.785023e+04, 4.652014e+12
2.840724e+04, 4.320687e+12
2.897538e+04, 4.078344e+12
2.955489e+04, 3.807067e+12
3.014599e+04, 3.593222e+12
3.074891e+04, 3.415842e+12
3.136389e+04, 3.257837e+12
3.199117e+04, 3.120548e+12
3.263099e+04, 3.006897e+12
3.328361e+04, 2.909760e+12
3.394928e+04, 2.794905e+12
3.462827e+04, 2.692731e+12
3.532083e+04, 2.578063e+12
3.602725e+04, 2.451448e+12
3.674779e+04, 2.338040e+12
3.748275e+04, 2.233080e+12
3.823240e+04, 2.119630e+12
3.899705e+04, 1.996142e+12
3.977699e+04, 1.859592e+12
4.057253e+04, 1.697113e+12
4.138398e+04, 1.570028e+12
4.221166e+04, 1.459804e+12
4.305590e+04, 1.330381e+12
4.391701e+04, 1.190961e+12
4.479535e+04, 1.089510e+12
4.569126e+04, 1.004091e+12
4.660509e+04, 9.409884e+11
4.753719e+04, 8.787068e+11
4.848793e+04, 8.206827e+11
4.945769e+04, 7.631091e+11
5.044684e+04, 7.017432e+11
5.145578e+04, 6.555242e+11
5.248490e+04, 6.082076e+11
5.353460e+04, 5.681808e+11
5.460529e+04, 5.286505e+11
5.569739e+04, 4.930058e+11
5.681134e+04, 4.606758e+11
5.794757e+04, 4.343190e+11
5.910652e+04, 4.088429e+11
6.028865e+04, 3.851909e+11
6.149442e+04, 3.627577e+11
6.272431e+04, 3.404298e+11
6.397880e+04, 3.117368e+11
6.525837e+04, 2.732298e+11
6.656354e+04, 2.454649e+11
6.789481e+04, 2.286123e+11
6.925271e+04, 2.133455e+11
7.063776e+04, 1.987560e+11
7.205052e+04, 1.868536e+11
7.349153e+04, 1.741604e+11
7.496136e+04, 1.630194e+11
7.646058e+04, 1.491147e+11
7.798980e+04, 1.377095e+11
7.954959e+04, 1.272301e+11
8.114058e+04, 1.185476e+11
8.276340e+04, 1.100803e+11
8.441866e+04, 1.026377e+11
8.610704e+04, 9.596877e+10
8.782918e+04, 8.919014e+10
8.958576e+04, 8.396760e+10
9.137748e+04, 7.855742e+10
9.320503e+04, 7.318130e+10
9.506913e+04, 6.851347e+10
9.697051e+04, 6.368946e+10
9.890992e+04, 5.917315e+10
1.008881e+05, 5.508241e+10
1.029059e+05, 5.109377e+10
1.049640e+05, 4.712413e+10
1.070633e+05, 4.363322e+10
1.092045e+05, 4.037484e+10
1.113886e+05, 3.724538e+10
1.136164e+05, 3.453530e+10
1.158887e+05, 3.180347e+10
1.182065e+05, 2.939641e+10
1.205706e+05, 2.742309e+10
1.229821e+05, 2.544116e+10
1.254417e+05, 2.336316e+10
1.279505e+05, 2.182632e+10
1.305095e+05, 2.018622e+10
1.331197e+05, 1.873690e+10
1.357821e+05, 1.730540e+10
1.384978e+05, 1.618121e+10
1.412677e+05, 1.487727e+10
1.440931e+05, 1.384930e+10
1.469749e+05, 1.282445e+10
1.499144e+05, 1.190886e+10
1.529127e+05, 1.098731e+10
1.559710e+05, 1.024872e+10
1.590904e+05, 9.425631e+09
1.622722e+05, 8.800321e+09
1.655177e+05, 8.119294e+09
1.688280e+05, 7.572731e+09
1.722046e+05, 6.980292e+09
1.756487e+05, 6.468114e+09
1.791616e+05, 6.055432e+09
1.827449e+05, 5.589454e+09
1.863998e+05, 5.169211e+09
1.901278e+05, 4.828800e+09
1.939303e+05, 4.454602e+09
1.978089e+05, 4.127859e+09