"WAVELENGTH (MICRONS)" "FLUX (ERG/CM2/S/A)"
2.000000000e-01 5.3296727e+00
2.004000000e-01 6.3731552e+00
2.008008000e-01 6.3280727e+00
2.012024016e-01 1.1848085e+01
2.016048064e-01 6.5161059e+00
2.020080160e-01 8.6115280e+00
2.024120320e-01 5.7244996e+00
2.028168561e-01 8.5457378e+00
2.032224898e-01 1.5752501e+01
2.036289348e-01 1.0536369e+01
2.040361927e-01 1.1361164e+01
2.044442651e-01 8.3743996e+00
2.048531536e-01 2.5461724e+01
2.052628599e-01 1.9611386e+01
2.056733856e-01 2.9329917e+01
2.060847324e-01 1.3270641e+01
2.064969019e-01 8.1165102e+00
2.069098957e-01 2.0739552e+01
2.073237154e-01 4.2688904e+01
2.077383629e-01 1.5641947e+01
2.081538396e-01 3.4002094e+01
2.085701473e-01 1.2167488e+01
2.089872876e-01 3.7586703e+01
2.094052622e-01 2.2031147e+01
2.098240727e-01 6.0000769e+01
2.102437208e-01 2.5215585e+01
2.106642083e-01 2.6983628e+01
2.110855367e-01 5.2323965e+01
2.115077078e-01 4.1016758e+01
2.119307232e-01 6.7498112e+01
2.123545846e-01 1.9283961e+02
2.127792938e-01 3.1401361e+01
2.132048524e-01 1.4769018e+02
2.136312621e-01 1.0668927e+02
2.140585246e-01 3.0992292e+01
2.144866417e-01 5.6095046e+01
2.149156149e-01 2.2967972e+01
2.153454462e-01 9.9225616e+01
2.157761371e-01 1.4067811e+02
2.162076893e-01 7.3764084e+01
2.166401047e-01 2.2006441e+01
2.170733849e-01 6.7322699e+01
2.175075317e-01 2.8122555e+02
2.179425468e-01 1.3908025e+01
2.183784318e-01 7.2189761e+01
2.188151887e-01 1.0693715e+02
2.192528191e-01 1.6757797e+02
2.196913247e-01 3.2879019e+02
2.201307074e-01 8.4929804e+01
2.205709688e-01 6.1042606e+02
2.210121107e-01 3.2470846e+02
2.214541349e-01 8.8656569e+02
2.218970432e-01 3.1548653e+01
2.223408373e-01 9.5108979e+01
2.227855190e-01 2.8773313e+02
2.232310900e-01 1.0371377e+03
2.236775522e-01 1.9859799e+03
2.241249073e-01 2.3848614e+02
2.245731571e-01 5.5815656e+02
2.250223034e-01 1.9835128e+03
2.254723480e-01 2.8813417e+03
2.259232927e-01 9.7567165e+00
2.263751393e-01 1.2327663e+02
2.268278896e-01 2.6965364e+02
2.272815454e-01 1.4034994e+03
2.277361085e-01 9.2802515e+02
2.281915807e-01 5.8841081e+02
2.286479638e-01 5.1998010e+02
2.291052598e-01 2.7845159e+03
2.295634703e-01 3.3856695e+03
2.300225972e-01 2.1577370e+02
2.304826424e-01 7.7248628e+01
2.309436077e-01 4.7669258e+02
2.314054949e-01 3.1798519e+03
2.318683059e-01 5.3679619e+03
2.323320425e-01 2.0303700e+03
2.327967066e-01 2.6198032e+03
2.332623000e-01 1.5617348e+04
2.337288246e-01 1.9444861e+04
2.341962823e-01 3.4452724e+04
2.346646748e-01 3.7333912e+02
2.351340042e-01 7.9280674e+02
2.356042722e-01 1.5346787e+03
2.360754807e-01 4.8928460e+03
2.365476317e-01 7.2785165e+03
2.370207270e-01 1.7601453e+03
2.374947684e-01 3.0374656e+03
2.379697580e-01 1.5616716e+04
2.384456975e-01 3.1957621e+04
2.389225889e-01 7.2556274e+03
2.394004340e-01 1.0327064e+04
2.398792349e-01 2.4632181e+04
2.403589934e-01 1.2621073e+05
2.408397114e-01 1.6867985e+05
2.413213908e-01 2.1401546e+04
2.418040336e-01 2.1037941e+03
2.422876416e-01 6.7410195e+03
2.427722169e-01 8.4702491e+04
2.432577614e-01 1.1720827e+05
2.437442769e-01 7.7927067e+04
2.442317654e-01 2.1578655e+05
2.447202290e-01 2.3473182e+05
2.452096694e-01 4.1066556e+05
2.457000888e-01 3.6071675e+05
2.461914889e-01 8.3944805e+03
2.466838719e-01 1.0563239e+05
2.471772397e-01 4.8904808e+04
2.476715941e-01 6.9456370e+04
2.481669373e-01 6.0087554e+03
2.486632712e-01 8.7474610e+02
2.491605977e-01 2.2108820e+03
2.496589189e-01 3.1307491e+04
2.501582368e-01 4.3480339e+04
2.506585533e-01 1.2035742e+05
2.511598704e-01 1.8857326e+04
2.516621901e-01 6.9539896e+04
2.521655145e-01 2.1924333e+04
2.526698455e-01 1.4515722e+04
2.531751852e-01 1.7644241e+05
2.536815356e-01 4.3691940e+05
2.541888986e-01 3.4345138e+05
2.546972764e-01 2.6064184e+05
2.552066710e-01 1.2400196e+06
2.557170843e-01 1.8644838e+06
2.562285185e-01 1.3081774e+06
2.567409755e-01 2.6324773e+05
2.572544575e-01 1.0616872e+06
2.577689664e-01 1.3103210e+06
2.582845043e-01 1.1927825e+06
2.588010734e-01 6.9029762e+05
2.593186755e-01 7.3488963e+05
2.598373128e-01 3.5063667e+06
2.603569875e-01 5.4892986e+06
2.608777014e-01 3.3638604e+06
2.613994569e-01 2.8793383e+06
2.619222558e-01 5.7422483e+06
2.624461003e-01 1.1059680e+07
2.629709925e-01 1.7728147e+07
2.634969345e-01 1.8819815e+07
2.640239283e-01 4.7245044e+07
2.645519762e-01 6.6675732e+06
2.650810801e-01 6.9025495e+06
2.656112423e-01 2.2103748e+07
2.661424648e-01 1.3138905e+07
2.666747497e-01 1.2013979e+07
2.672080992e-01 6.6032700e+06
2.677425154e-01 1.2711112e+07
2.682780004e-01 2.3963482e+07
2.688145564e-01 2.2012859e+07
2.693521856e-01 9.3064886e+06
2.698908899e-01 1.1768187e+07
2.704306717e-01 2.2189124e+07
2.709715331e-01 1.7267378e+07
2.715134761e-01 5.3038653e+06
2.720565031e-01 1.6708891e+05
2.726006161e-01 3.6194558e+06
2.731458173e-01 7.7437330e+06
2.736921089e-01 2.6484140e+06
2.742394932e-01 3.0143109e+06
2.747879721e-01 6.8662904e+06
2.753375481e-01 7.5359830e+06
2.758882232e-01 1.3148087e+07
2.764399996e-01 4.0584256e+07
2.769928796e-01 3.3257422e+07
2.775468654e-01 4.3244638e+07
2.781019591e-01 2.3265345e+07
2.786581630e-01 3.1383592e+07
2.792154794e-01 2.6344256e+07
2.797739103e-01 3.9866285e+06
2.803334581e-01 1.2836303e+07
2.808941251e-01 2.5087259e+07
2.814559133e-01 2.5650342e+07
2.820188251e-01 1.8643069e+07
2.825828628e-01 1.2180976e+07
2.831480285e-01 8.7881352e+06
2.837143246e-01 3.9607198e+06
2.842817532e-01 1.3671925e+06
2.848503167e-01 1.3968113e+05
2.854200174e-01 1.4895478e+04
2.859908574e-01 5.9004025e+05
2.865628391e-01 3.1157487e+06
2.871359648e-01 7.5572643e+06
2.877102367e-01 1.4584639e+07
2.882856572e-01 3.2826778e+07
2.888622285e-01 5.6728721e+07
2.894399530e-01 8.1826206e+07
2.900188329e-01 9.9645469e+07
2.905988705e-01 1.3495744e+08
2.911800683e-01 8.5959835e+07
2.917624284e-01 1.8494791e+08
2.923459533e-01 2.7492887e+08
2.929306452e-01 9.5229876e+07
2.935165065e-01 7.3544884e+07
2.941035395e-01 4.0001705e+07
2.946917466e-01 3.3871370e+07
2.952811301e-01 4.7822145e+07
2.958716923e-01 6.1536314e+07
2.964634357e-01 4.9450197e+07
2.970563626e-01 6.3705084e+06
2.976504753e-01 4.7573722e+07
2.982457762e-01 2.8214240e+07
2.988422678e-01 7.1756511e+07
2.994399523e-01 2.9372453e+07
3.000388322e-01 2.4515243e+07
3.006389099e-01 2.6722981e+07
3.012401877e-01 5.8652504e+07
3.018426681e-01 1.5994743e+07
3.024463534e-01 4.7065735e+06
3.030512461e-01 1.1423332e+08
3.036573486e-01 9.4083130e+07
3.042646633e-01 1.1896058e+08
3.048731927e-01 2.9318282e+07
3.054829390e-01 1.0422189e+08
3.060939049e-01 8.9210093e+07
3.067060927e-01 6.1953388e+08
3.073195049e-01 1.5211291e+09
3.079341439e-01 6.2150701e+08
3.085500122e-01 4.1177345e+08
3.091671122e-01 2.9216099e+08
3.097854465e-01 3.9027516e+08
3.104050174e-01 7.2543254e+08
3.110258274e-01 5.5051328e+09
3.116478790e-01 5.0276459e+09
3.122711748e-01 9.8647894e+09
3.128957172e-01 8.6004437e+09
3.135215086e-01 2.5920761e+09
3.141485516e-01 1.0010876e+10
3.147768487e-01 1.3737895e+10
3.154064024e-01 1.7070775e+10
3.160372152e-01 1.3668350e+10
3.166692896e-01 2.2685506e+10
3.173026282e-01 2.4962157e+10
3.179372335e-01 1.8578052e+10
3.185731079e-01 3.8215843e+09
3.192102542e-01 4.2607885e+09
3.198486747e-01 3.2982150e+09
3.204883720e-01 1.7432396e+10
3.211293488e-01 1.9120098e+10
3.217716075e-01 1.0713499e+10
3.224151507e-01 1.1109121e+10
3.230599810e-01 6.8151653e+09
3.237061009e-01 7.1358903e+09
3.243535131e-01 1.0572498e+10
3.250022202e-01 1.0530397e+10
3.256522246e-01 4.5603080e+10
3.263035291e-01 4.4698575e+10
3.269561361e-01 3.1788552e+10
3.276100484e-01 2.6780046e+10
3.282652685e-01 4.7265619e+10
3.289217990e-01 4.7444279e+10
3.295796426e-01 4.3185909e+10
3.302388019e-01 4.8463899e+09
3.308992795e-01 2.2813557e+10
3.315610781e-01 2.4667342e+10
3.322242002e-01 2.9054403e+10
3.328886486e-01 8.7672943e+10
3.335544259e-01 5.5639497e+10
3.342215348e-01 4.3287549e+10
3.348899778e-01 4.0550741e+10
3.355597578e-01 2.5488831e+10
3.362308773e-01 2.0650714e+10
3.369033391e-01 7.9288351e+09
3.375771457e-01 9.7711101e+09
3.382523000e-01 1.5563191e+10
3.389288046e-01 1.3343637e+10
3.396066622e-01 1.3057367e+10
3.402858756e-01 2.8891992e+10
3.409664473e-01 1.0570958e+10
3.416483802e-01 1.5843223e+09
3.423316770e-01 9.3725446e+09
3.430163403e-01 7.7522778e+09
3.437023730e-01 7.8482636e+08
3.443897778e-01 1.4727519e+08
3.450785573e-01 2.2853720e+09
3.457687144e-01 3.1022306e+09
3.464602519e-01 1.3112179e+09
3.471531724e-01 3.7153316e+09
3.478474787e-01 2.7456769e+09
3.485431737e-01 8.0672690e+09
3.492402600e-01 9.3543218e+08
3.499387405e-01 3.0677569e+09
3.506386180e-01 2.0770820e+10
3.513398952e-01 3.4734639e+09
3.520425750e-01 5.8591510e+09
3.527466602e-01 1.7719771e+09
3.534521535e-01 4.3202768e+10
3.541590578e-01 8.0125923e+10
3.548673759e-01 6.3905320e+10
3.555771107e-01 3.5434513e+10
3.562882649e-01 1.5565609e+10
3.570008414e-01 2.8429114e+09
3.577148431e-01 2.4456314e+09
3.584302728e-01 1.9928504e+09
3.591471333e-01 2.5945590e+09
3.598654276e-01 4.9529923e+09
3.605851585e-01 2.0332328e+09
3.613063288e-01 1.1625281e+10
3.620289414e-01 1.2259882e+10
3.627529993e-01 3.3902388e+10
3.634785053e-01 1.9186254e+10
3.642054623e-01 4.3345739e+10
3.649338733e-01 1.0776252e+10
3.656637410e-01 5.4716150e+10
3.663950685e-01 9.3943816e+10
3.671278586e-01 6.8240654e+10
3.678621143e-01 1.5027632e+10
3.685978386e-01 1.3035932e+10
3.693350342e-01 4.4005877e+10
3.700737043e-01 3.2476762e+10
3.708138517e-01 2.4322188e+09
3.715554794e-01 4.5400431e+09
3.722985904e-01 7.5518009e+08
3.730431876e-01 3.1342175e+09
3.737892739e-01 5.9127245e+08
3.745368525e-01 1.1297632e+09
3.752859262e-01 6.0195090e+09
3.760364980e-01 1.4337959e+10
3.767885710e-01 2.4781847e+10
3.775421482e-01 7.3843154e+10
3.782972325e-01 9.0471656e+10
3.790538269e-01 5.5006048e+10
3.798119346e-01 3.0033841e+10
3.805715585e-01 9.9852464e+10
3.813327016e-01 4.8486529e+10
3.820953670e-01 8.7237257e+09
3.828595577e-01 1.1684505e+10
3.836252768e-01 2.4258228e+10
3.843925274e-01 3.4517821e+10
3.851613124e-01 1.8901783e+10
3.859316351e-01 9.3202452e+08
3.867034983e-01 1.4494411e+10
3.874769053e-01 1.7707803e+10
3.882518591e-01 6.6788867e+09
3.890283629e-01 1.1686011e+10
3.898064196e-01 6.4510773e+09
3.905860324e-01 2.2612168e+10
3.913672045e-01 7.4770153e+10
3.921499389e-01 1.2376532e+10
3.929342388e-01 5.6099958e+09
3.937201073e-01 3.8643384e+10
3.945075475e-01 1.0903460e+10
3.952965626e-01 4.2637719e+10
3.960871557e-01 8.5455951e+09
3.968793300e-01 3.7425017e+10
3.976730887e-01 1.2291600e+11
3.984684348e-01 1.8776812e+11
3.992653717e-01 2.0765366e+11
4.000639025e-01 2.3215372e+11
4.008640303e-01 2.2458811e+11
4.016657583e-01 3.9094043e+11
4.024690898e-01 1.7524555e+11
4.032740280e-01 1.8718303e+10
4.040805761e-01 1.4450237e+11
4.048887372e-01 1.3125219e+11
4.056985147e-01 3.4539155e+11
4.065099117e-01 2.2323833e+11
4.073229316e-01 2.9487216e+11
4.081375774e-01 3.4271661e+11
4.089538526e-01 4.2655902e+11
4.097717603e-01 2.4679519e+11
4.105913038e-01 2.4097848e+11
4.114124864e-01 1.8600127e+11
4.122353114e-01 2.5149502e+11
4.130597820e-01 1.9346429e+11
4.138859016e-01 2.0477364e+11
4.147136734e-01 1.5157518e+11
4.155431007e-01 1.9541745e+11
4.163741869e-01 1.7547527e+11
4.172069353e-01 1.0588266e+11
4.180413492e-01 8.8907597e+10
4.188774319e-01 6.4799938e+10
4.197151867e-01 4.5524079e+10
4.205546171e-01 2.3851036e+10
4.213957263e-01 1.1198974e+10
4.222385178e-01 3.2837340e+09
4.230829948e-01 1.7551239e+09
4.239291608e-01 9.1995658e+09
4.247770191e-01 2.0651823e+10
4.256265732e-01 1.4715590e+10
4.264778263e-01 5.4682387e+10
4.273307820e-01 2.9073795e+10
4.281854435e-01 5.7326623e+10
4.290418144e-01 3.5043335e+10
4.298998980e-01 9.4172935e+10
4.307596978e-01 1.0559864e+11
4.316212172e-01 1.4876878e+11
4.324844597e-01 1.6181980e+11
4.333494286e-01 2.7377123e+11
4.342161275e-01 1.8977734e+11
4.350845597e-01 2.4301501e+11
4.359547288e-01 2.2107718e+11
4.368266383e-01 2.8634484e+11
4.377002916e-01 1.7765829e+11
4.385756921e-01 1.9728324e+11
4.394528435e-01 2.5109557e+11
4.403317492e-01 2.0433639e+11
4.412124127e-01 2.5441825e+11
4.420948375e-01 2.9157015e+11
4.429790272e-01 1.2619430e+11
4.438649853e-01 1.4642744e+11
4.447527152e-01 2.5626174e+11
4.456422207e-01 1.7790044e+11
4.465335051e-01 1.0734676e+11
4.474265721e-01 1.9348262e+11
4.483214253e-01 2.0238837e+11
4.492180681e-01 2.5881263e+11
4.501165043e-01 3.2431210e+11
4.510167373e-01 1.4400269e+11
4.519187707e-01 2.3130565e+11
4.528226083e-01 2.4633718e+11
4.537282535e-01 2.7197228e+11
4.546357100e-01 2.9135452e+11
4.555449814e-01 2.1522908e+11
4.564560714e-01 3.2530236e+11
4.573689835e-01 3.9677041e+11
4.582837215e-01 2.3499539e+11
4.592002889e-01 6.7773979e+10
4.601186895e-01 1.0787605e+11
4.610389269e-01 1.3587011e+11
4.619610047e-01 2.7220347e+11
4.628849268e-01 1.1312784e+11
4.638106966e-01 8.0950252e+10
4.647383180e-01 1.3036823e+11
4.656677946e-01 1.9891974e+11
4.665991302e-01 2.1003743e+11
4.675323285e-01 9.3759672e+10
4.684673931e-01 1.2663386e+11
4.694043279e-01 2.2262704e+11
4.703431366e-01 2.8769198e+11
4.712838229e-01 2.3128277e+11
4.722263905e-01 1.7827765e+11
4.731708433e-01 2.5327227e+11
4.741171850e-01 2.6838914e+11
4.750654193e-01 3.4370254e+11
4.760155502e-01 2.0917926e+11
4.769675813e-01 4.0070400e+10
4.779215164e-01 8.0086450e+10
4.788773595e-01 8.9589884e+10
4.798351142e-01 1.5479615e+11
4.807947844e-01 7.3880594e+10
4.817563740e-01 6.4047984e+10
4.827198867e-01 9.0924628e+10
4.836853265e-01 1.5901252e+11
4.846526972e-01 1.8210618e+11
4.856220026e-01 9.7209259e+10
4.865932466e-01 1.6968568e+11
4.875664331e-01 2.2773635e+11
4.885415659e-01 3.5672085e+11
4.895186491e-01 3.2675219e+11
4.904976864e-01 3.3503698e+11
4.914786817e-01 4.8892230e+11
4.924616391e-01 6.2668395e+11
4.934465624e-01 8.8266422e+11
4.944334555e-01 7.7532261e+11
4.954223224e-01 5.0664285e+11
4.964131671e-01 4.7998377e+10
4.974059934e-01 8.0304493e+10
4.984008054e-01 1.1724266e+11
4.993976070e-01 1.4658833e+11
5.003964022e-01 7.4967161e+10
5.013971950e-01 7.3501393e+10
5.023999894e-01 1.0332754e+11
5.034047894e-01 1.8002210e+11
5.044115990e-01 2.0556481e+11
5.054204221e-01 1.8505485e+11
5.064312630e-01 2.2975003e+11
5.074441255e-01 3.3559831e+11
5.084590138e-01 4.0430995e+11
5.094759318e-01 3.5831727e+11
5.104948837e-01 4.5566378e+11
5.115158734e-01 5.4356895e+11
5.125389052e-01 5.1743155e+11
5.135639830e-01 7.9795287e+11
5.145911110e-01 5.3427876e+11
5.156202932e-01 6.5743867e+11
5.166515338e-01 7.3207113e+11
5.176848368e-01 4.8579758e+10
5.187202065e-01 7.9679902e+10
5.197576469e-01 1.4574525e+11
5.207971622e-01 1.2013447e+11
5.218387565e-01 3.7159082e+11
5.228824340e-01 4.3661359e+11
5.239281989e-01 4.3637264e+11
5.249760553e-01 3.6041503e+11
5.260260074e-01 5.2033815e+11
5.270780594e-01 3.1432713e+11
5.281322156e-01 5.7330351e+11
5.291884800e-01 7.4905262e+11
5.302468569e-01 8.8549822e+11
5.313073507e-01 6.2370704e+11
5.323699654e-01 5.9966577e+11
5.334347053e-01 6.2818005e+11
5.345015747e-01 7.6828381e+11
5.355705779e-01 9.0240487e+11
5.366417190e-01 6.0547444e+11
5.377150024e-01 7.1838226e+11
5.387904325e-01 1.0087089e+12
5.398680133e-01 7.8510365e+11
5.409477493e-01 7.1415149e+11
5.420296448e-01 1.0558838e+12
5.431137041e-01 8.1572777e+11
5.441999315e-01 1.2005680e+12
5.452883314e-01 1.8448397e+11
5.463789081e-01 2.3312080e+11
5.474716659e-01 3.0282777e+11
5.485666092e-01 4.0367299e+11
5.496637424e-01 3.9037280e+11
5.507630699e-01 2.6334941e+11
5.518645961e-01 4.0034388e+11
5.529683252e-01 4.8746969e+11
5.540742619e-01 5.9226178e+11
5.551824104e-01 5.9500413e+11
5.562927752e-01 6.7903063e+11
5.574053608e-01 5.6736437e+11
5.585201715e-01 6.0648952e+11
5.596372119e-01 4.3713773e+11
5.607564863e-01 3.3537173e+11
5.618779993e-01 2.7714851e+11
5.630017553e-01 3.1312366e+11
5.641277588e-01 2.9223090e+11
5.652560143e-01 4.2268385e+11
5.663865263e-01 3.5157495e+11
5.675192994e-01 3.8608398e+11
5.686543380e-01 4.5180466e+11
5.697916466e-01 5.6553185e+11
5.709312299e-01 5.3184432e+11
5.720730924e-01 6.2390454e+11
5.732172386e-01 7.0130377e+11
5.743636731e-01 8.2225001e+11
5.755124004e-01 7.6161776e+11
5.766634252e-01 4.5024361e+11
5.778167520e-01 6.0605268e+11
5.789723856e-01 7.0464713e+11
5.801303303e-01 7.7669689e+11
5.812905910e-01 5.8948941e+11
5.824531722e-01 5.6773594e+11
5.836180785e-01 5.6306976e+11
5.847853147e-01 3.9082159e+11
5.859548853e-01 2.6975508e+11
5.871267951e-01 2.0348512e+11
5.883010487e-01 9.8966531e+10
5.894776508e-01 1.1826657e+10
5.906566061e-01 1.1516370e+11
5.918379193e-01 1.8362518e+11
5.930215951e-01 2.2168930e+11
5.942076383e-01 2.7719236e+11
5.953960536e-01 2.6618424e+11
5.965868457e-01 3.0153584e+11
5.977800194e-01 3.4552750e+11
5.989755794e-01 4.3401261e+11
6.001735306e-01 4.3137945e+11
6.013738776e-01 5.0749709e+11
6.025766254e-01 6.1613479e+11
6.037817786e-01 7.0980369e+11
6.049893422e-01 7.7277716e+11
6.061993209e-01 8.8938418e+11
6.074117195e-01 1.0950933e+12
6.086265430e-01 1.2613718e+12
6.098437960e-01 1.1233821e+12
6.110634836e-01 1.1447256e+12
6.122856106e-01 1.2274661e+12
6.135101818e-01 1.5381880e+12
6.147372022e-01 1.5131391e+12
6.159666766e-01 5.7502127e+11
6.171986099e-01 3.2747923e+11
6.184330072e-01 3.4115828e+11
6.196698732e-01 2.6144658e+11
6.209092129e-01 3.3175816e+11
6.221510314e-01 2.4693770e+11
6.233953334e-01 2.4668046e+11
6.246421241e-01 2.8748613e+11
6.258914083e-01 3.6097208e+11
6.271431911e-01 4.2367191e+11
6.283974775e-01 4.3012957e+11
6.296542725e-01 4.8291096e+11
6.309135810e-01 5.9714890e+11
6.321754082e-01 6.4183132e+11
6.334397590e-01 6.7705135e+11
6.347066385e-01 8.9260753e+11
6.359760518e-01 6.0089212e+11
6.372480039e-01 6.6973570e+11
6.385224999e-01 6.2995041e+11
6.397995449e-01 7.2664104e+11
6.410791440e-01 1.0154266e+12
6.423613023e-01 7.9560070e+11
6.436460249e-01 8.9363567e+11
6.449333169e-01 1.0981068e+12
6.462231836e-01 1.1152760e+12
6.475156299e-01 1.5319117e+12
6.488106612e-01 1.0013484e+12
6.501082825e-01 1.3000076e+12
6.514084991e-01 1.5623501e+12
6.527113161e-01 1.7172418e+12
6.540167387e-01 2.0792975e+12
6.553247722e-01 1.4585295e+12
6.566354217e-01 1.4665429e+12
6.579486926e-01 1.2664358e+12
6.592645900e-01 1.4975130e+12
6.605831192e-01 1.3470609e+12
6.619042854e-01 1.2506473e+12
6.632280940e-01 1.1424051e+12
6.645545502e-01 1.1086902e+12
6.658836593e-01 6.0870023e+11
6.672154266e-01 8.2961094e+11
6.685498574e-01 5.4138249e+11
6.698869571e-01 6.0762379e+11
6.712267311e-01 5.5087822e+11
6.725691845e-01 4.2103820e+11
6.739143229e-01 5.3681439e+11
6.752621515e-01 5.0652450e+11
6.766126758e-01 6.1254530e+11
6.779659012e-01 6.7337403e+11
6.793218330e-01 5.3273423e+11
6.806804767e-01 6.4813641e+11
6.820418376e-01 6.6052598e+11
6.834059213e-01 7.8438255e+11
6.847727331e-01 8.1079217e+11
6.861422786e-01 6.8618497e+11
6.875145631e-01 8.1570334e+11
6.888895923e-01 8.4007039e+11
6.902673715e-01 9.6057942e+11
6.916479062e-01 1.1515060e+12
6.930312020e-01 1.2928070e+12
6.944172644e-01 1.6838264e+12
6.958060989e-01 1.9905088e+12
6.971977111e-01 2.3793029e+12
6.985921066e-01 2.7351200e+12
6.999892908e-01 2.6551553e+12
7.013892694e-01 3.1376024e+12
7.027920479e-01 3.9460538e+12
7.041976320e-01 4.6236974e+12
7.056060273e-01 2.8856806e+12
7.070172393e-01 9.5316610e+11
7.084312738e-01 1.2019024e+12
7.098481363e-01 5.7363523e+11
7.112678326e-01 8.4121380e+11
7.126903683e-01 7.4609656e+11
7.141157490e-01 5.1136624e+11
7.155439805e-01 6.5031932e+11
7.169750685e-01 7.0698389e+11
7.184090186e-01 9.6656991e+11
7.198458367e-01 9.4936591e+11
7.212855283e-01 8.9003764e+11
7.227280994e-01 1.1771779e+12
7.241735556e-01 1.4820389e+12
7.256219027e-01 2.1300587e+12
7.270731465e-01 2.3108553e+12
7.285272928e-01 2.5979105e+12
7.299843474e-01 3.5106083e+12
7.314443161e-01 4.4190725e+12
7.329072047e-01 5.1944182e+12
7.343730191e-01 5.5588300e+12
7.358417651e-01 6.3912661e+12
7.373134487e-01 7.7647946e+12
7.387880756e-01 7.5868359e+12
7.402656517e-01 8.1308505e+12
7.417461830e-01 7.8146425e+12
7.432296754e-01 8.6964676e+12
7.447161347e-01 7.8011651e+12
7.462055670e-01 7.9158040e+12
7.476979782e-01 8.5445417e+12
7.491933741e-01 8.4849826e+12
7.506917609e-01 8.9440967e+12
7.521931444e-01 8.8935440e+12
7.536975307e-01 9.4438585e+12
7.552049257e-01 1.0408042e+13
7.567153356e-01 1.0401658e+13
7.582287663e-01 9.8576404e+12
7.597452238e-01 4.4066153e+12
7.612647142e-01 5.0884753e+12
7.627872437e-01 4.1607830e+12
7.643128181e-01 2.6124302e+12
7.658414438e-01 1.3902168e+12
7.673731267e-01 8.6786070e+11
7.689078729e-01 1.4765450e+12
7.704456887e-01 8.9445170e+11
7.719865800e-01 2.2301347e+12
7.735305532e-01 3.4862297e+12
7.750776143e-01 2.8637478e+12
7.766277695e-01 2.8549158e+12
7.781810251e-01 3.1834422e+12
7.797373871e-01 3.2074495e+12
7.812968619e-01 4.6287547e+12
7.828594556e-01 3.8686077e+12
7.844251745e-01 3.9779957e+12
7.859940249e-01 4.7724716e+12
7.875660129e-01 5.1950286e+12
7.891411450e-01 6.4439173e+12
7.907194273e-01 6.0527963e+12
7.923008661e-01 5.8197684e+12
7.938854678e-01 6.8423959e+12
7.954732388e-01 7.1244620e+12
7.970641853e-01 8.6636013e+12
7.986583136e-01 8.4338254e+12
8.002556303e-01 9.0390628e+12
8.018561415e-01 1.0024153e+13
8.034598538e-01 1.0883666e+13
8.050667735e-01 1.1164239e+13
8.066769071e-01 1.1976348e+13
8.082902609e-01 1.3083449e+13
8.099068414e-01 1.4347045e+13
8.115266551e-01 1.4158253e+13
8.131497084e-01 1.6027525e+13
8.147760078e-01 1.7251636e+13
8.164055598e-01 1.6826064e+13
8.180383709e-01 1.2569659e+13
8.196744477e-01 9.3580604e+12
8.213137966e-01 1.0908103e+13
8.229564242e-01 1.3341511e+13
8.246023370e-01 1.4466134e+13
8.262515417e-01 1.3896791e+13
8.279040448e-01 1.1425954e+13
8.295598529e-01 1.1477216e+13
8.312189726e-01 1.1091772e+13
8.328814105e-01 1.2192767e+13
8.345471733e-01 1.1303550e+13
8.362162677e-01 1.1453776e+13
8.378887002e-01 1.1247960e+13
8.395644776e-01 1.0914251e+13
8.412436066e-01 1.2168358e+13
8.429260938e-01 9.9579015e+12
8.446119460e-01 5.5578501e+12
8.463011699e-01 3.6168683e+12
8.479937722e-01 4.3026988e+12
8.496897597e-01 5.1518055e+12
8.513891393e-01 4.8442670e+12
8.530919175e-01 5.0891454e+12
8.547981014e-01 6.3206862e+12
8.565076976e-01 7.1947582e+12
8.582207130e-01 7.5875169e+12
8.599371544e-01 7.8802877e+12
8.616570287e-01 9.0306582e+12
8.633803428e-01 9.7840268e+12
8.651071035e-01 1.0297782e+13
8.668373177e-01 1.0633067e+13
8.685709923e-01 1.0511062e+13
8.703081343e-01 8.1675603e+12
8.720487505e-01 8.2510718e+12
8.737928480e-01 1.0232245e+13
8.755404337e-01 1.1643309e+13
8.772915146e-01 1.3109651e+13
8.790460976e-01 1.4688268e+13
8.808041898e-01 1.2988036e+13
8.825657982e-01 1.5186184e+13
8.843309298e-01 1.6281992e+13
8.860995917e-01 1.1731620e+13
8.878717909e-01 7.2188399e+12
8.896475344e-01 8.6157308e+12
8.914268295e-01 1.0632913e+13
8.932096832e-01 1.0928866e+13
8.949961025e-01 9.5470474e+12
8.967860947e-01 1.0522060e+13
8.985796669e-01 1.2424019e+13
9.003768263e-01 1.3029098e+13
9.021775799e-01 1.2772829e+13
9.039819351e-01 1.4088200e+13
9.057898989e-01 1.4559805e+13
9.076014787e-01 1.5858873e+13
9.094166817e-01 1.6611965e+13
9.112355151e-01 1.8480185e+13
9.130579861e-01 1.8879881e+13
9.148841021e-01 1.9039606e+13
9.167138703e-01 2.1043464e+13
9.185472980e-01 2.1250603e+13
9.203843926e-01 1.9593426e+13
9.222251614e-01 1.6257549e+13
9.240696117e-01 1.3955901e+13
9.259177509e-01 1.4499608e+13
9.277695864e-01 1.4976982e+13
9.296251256e-01 1.2746146e+13
9.314843759e-01 1.2761852e+13
9.333473446e-01 1.3746480e+13
9.352140393e-01 1.4440288e+13
9.370844674e-01 1.3752469e+13
9.389586363e-01 1.4066272e+13
9.408365536e-01 1.5444978e+13
9.427182267e-01 1.6292967e+13
9.446036631e-01 1.6157620e+13
9.464928705e-01 1.6519924e+13
9.483858562e-01 1.8368012e+13
9.502826279e-01 1.8463248e+13
9.521831932e-01 1.8757641e+13
9.540875596e-01 1.9062320e+13
9.559957347e-01 2.0277554e+13
9.579077262e-01 2.1451082e+13
9.598235416e-01 1.9252198e+13
9.617431887e-01 2.1403873e+13
9.636666751e-01 2.0155263e+13
9.655940084e-01 2.1622146e+13
9.675251964e-01 2.1374898e+13
9.694602468e-01 2.2338380e+13
9.713991673e-01 2.1337260e+13
9.733419657e-01 1.9400221e+13
9.752886496e-01 1.8969828e+13
9.772392269e-01 1.9921436e+13
9.791937053e-01 1.9266218e+13
9.811520928e-01 2.0220755e+13
9.831143969e-01 1.9134314e+13
9.850806257e-01 2.0161602e+13
9.870507870e-01 2.0725675e+13
9.890248886e-01 1.9128920e+13
9.910029383e-01 5.4314654e+12
9.929849442e-01 5.9739240e+12
9.949709141e-01 9.3556312e+12
9.969608559e-01 9.0788516e+12
9.989547776e-01 8.5657716e+12
1.000952687e+00 9.9529747e+12
1.002954593e+00 1.1024035e+13
1.004960502e+00 9.5642456e+12
1.006970423e+00 9.9340861e+12
1.008984364e+00 1.2149080e+13
1.011002332e+00 1.2661101e+13
1.013024337e+00 1.1903772e+13
1.015050386e+00 1.2343171e+13
1.017080486e+00 1.2317899e+13
1.019114647e+00 1.0611133e+13
1.021152877e+00 1.2760405e+13
1.023195182e+00 1.2078422e+13
1.025241573e+00 1.2760624e+13
1.027292056e+00 9.4246884e+12
1.029346640e+00 1.0684166e+13
1.031405333e+00 1.2231611e+13
1.033468144e+00 1.1974626e+13
1.035535080e+00 1.3328283e+13
1.037606150e+00 1.3927612e+13
1.039681363e+00 1.4016949e+13
1.041760726e+00 1.3953327e+13
1.043844247e+00 1.3410397e+13
1.045931935e+00 1.8859279e+13
1.048023799e+00 1.3272201e+13
1.050119847e+00 1.7123647e+13
1.052220087e+00 1.3398009e+13
1.054324527e+00 1.8317713e+13
1.056433176e+00 1.3540028e+13
1.058546042e+00 1.8488712e+13
1.060663134e+00 1.7761570e+13
1.062784461e+00 1.6684860e+13
1.064910029e+00 1.9840719e+13
1.067039850e+00 1.6460663e+13
1.069173929e+00 2.0156042e+13
1.071312277e+00 2.1322158e+13
1.073454902e+00 2.0387534e+13
1.075601811e+00 2.2686878e+13
1.077753015e+00 2.3774749e+13
1.079908521e+00 2.3232021e+13
1.082068338e+00 2.2967570e+13
1.084232475e+00 2.4375196e+13
1.086400940e+00 2.3989235e+13
1.088573742e+00 2.4334075e+13
1.090750889e+00 2.3921247e+13
1.092932391e+00 2.4451586e+13
1.095118256e+00 2.4558894e+13
1.097308492e+00 2.3238925e+13
1.099503109e+00 2.3457910e+13
1.101702115e+00 2.3065939e+13
1.103905520e+00 2.1371242e+13
1.106113331e+00 2.1548010e+13
1.108325557e+00 2.1711881e+13
1.110542208e+00 2.1626297e+13
1.112763293e+00 2.2145953e+13
1.114988819e+00 2.2673605e+13
1.117218797e+00 2.2742820e+13
1.119453235e+00 2.2390746e+13
1.121692141e+00 2.2542938e+13
1.123935525e+00 2.3492073e+13
1.126183396e+00 2.3543691e+13
1.128435763e+00 2.3330913e+13
1.130692635e+00 2.3341406e+13
1.132954020e+00 2.3708767e+13
1.135219928e+00 2.2452641e+13
1.137490368e+00 1.9361917e+13
1.139765349e+00 1.7598370e+13
1.142044879e+00 2.0900951e+13
1.144328969e+00 2.2901060e+13
1.146617627e+00 2.3588513e+13
1.148910862e+00 2.3950921e+13
1.151208684e+00 2.4471548e+13
1.153511101e+00 2.3666513e+13
1.155818124e+00 2.4038397e+13
1.158129760e+00 2.4158201e+13
1.160446019e+00 2.2497221e+13
1.162766911e+00 2.4051409e+13
1.165092445e+00 2.3284897e+13
1.167422630e+00 2.3748636e+13
1.169757475e+00 1.8554734e+13
1.172096990e+00 2.3903686e+13
1.174441184e+00 2.3165683e+13
1.176790067e+00 1.6907331e+13
1.179143647e+00 2.1445097e+13
1.181501934e+00 2.3576125e+13
1.183864938e+00 2.3442853e+13
1.186232668e+00 2.3785950e+13
1.188605133e+00 2.2336529e+13
1.190982344e+00 2.4183616e+13
1.193364308e+00 2.3369955e+13
1.195751037e+00 2.0767354e+13
1.198142539e+00 1.9156387e+13
1.200538824e+00 1.9088819e+13
1.202939902e+00 2.0439322e+13
1.205345781e+00 2.2444371e+13
1.207756473e+00 2.2152036e+13
1.210171986e+00 2.0853756e+13
1.212592330e+00 2.1441745e+13
1.215017515e+00 2.3417941e+13
1.217447550e+00 2.3485417e+13
1.219882445e+00 2.2298660e+13
1.222322210e+00 2.1894087e+13
1.224766854e+00 2.3278146e+13
1.227216388e+00 2.3613200e+13
1.229670820e+00 2.3551581e+13
1.232130162e+00 2.2507180e+13
1.234594422e+00 2.2594316e+13
1.237063611e+00 2.2575202e+13
1.239537739e+00 2.1129734e+13
1.242016814e+00 1.8383019e+13
1.244500848e+00 1.8532164e+13
1.246989849e+00 2.1603458e+13
1.249483829e+00 2.1462113e+13
1.251982797e+00 1.6921688e+13
1.254486762e+00 2.1029022e+13
1.256995736e+00 2.2187929e+13
1.259509727e+00 2.1874590e+13
1.262028747e+00 2.2229201e+13
1.264552804e+00 2.1335889e+13
1.267081910e+00 2.2112592e+13
1.269616074e+00 2.2282513e+13
1.272155306e+00 2.3208201e+13
1.274699616e+00 2.1626450e+13
1.277249016e+00 2.2454881e+13
1.279803514e+00 2.2739160e+13
1.282363121e+00 2.2009299e+13
1.284927847e+00 2.1981873e+13
1.287497703e+00 2.2009232e+13
1.290072698e+00 2.1628265e+13
1.292652843e+00 2.2134463e+13
1.295238149e+00 2.2545412e+13
1.297828625e+00 2.3022712e+13
1.300424283e+00 2.2461496e+13
1.303025131e+00 2.3237893e+13
1.305631181e+00 2.3200668e+13
1.308242444e+00 2.2427187e+13
1.310858929e+00 2.3157060e+13
1.313480647e+00 2.1461334e+13
1.316107608e+00 2.2208202e+13
1.318739823e+00 2.3120313e+13
1.321377303e+00 2.1935606e+13
1.324020057e+00 2.2151639e+13
1.326668097e+00 2.1554506e+13
1.329321434e+00 2.0989879e+13
1.331980077e+00 1.8536965e+13
1.334644037e+00 1.5721377e+13
1.337313325e+00 1.4883465e+13
1.339987951e+00 1.6055159e+13
1.342667927e+00 1.4581569e+13
1.345353263e+00 1.5158464e+13
1.348043970e+00 1.4802596e+13
1.350740058e+00 1.4491490e+13
1.353441538e+00 1.4282178e+13
1.356148421e+00 1.4650126e+13
1.358860718e+00 1.4605072e+13
1.361578439e+00 1.4118363e+13
1.364301596e+00 1.4803854e+13
1.367030199e+00 1.5201983e+13
1.369764260e+00 1.4772111e+13
1.372503788e+00 1.5015709e+13
1.375248796e+00 1.5364560e+13
1.377999293e+00 1.5498165e+13
1.380755292e+00 1.6235891e+13
1.383516802e+00 1.4885343e+13
1.386283836e+00 1.5574857e+13
1.389056404e+00 1.4758419e+13
1.391834517e+00 1.3708094e+13
1.394618186e+00 1.4209671e+13
1.397407422e+00 1.3565192e+13
1.400202237e+00 1.3280229e+13
1.403002641e+00 1.4432000e+13
1.405808647e+00 1.3926097e+13
1.408620264e+00 1.3262438e+13
1.411437504e+00 1.2603878e+13
1.414260379e+00 1.3130046e+13
1.417088900e+00 1.2434849e+13
1.419923078e+00 1.2872099e+13
1.422762924e+00 1.2155269e+13
1.425608450e+00 1.2415016e+13
1.428459667e+00 1.1993922e+13
1.431316586e+00 1.2965406e+13
1.434179219e+00 1.2442392e+13
1.437047578e+00 1.2765915e+13
1.439921673e+00 1.2350387e+13
1.442801516e+00 1.3271599e+13
1.445687119e+00 1.2347927e+13
1.448578494e+00 1.3174537e+13
1.451475651e+00 1.2995745e+13
1.454378602e+00 1.3239607e+13
1.457287359e+00 1.2857333e+13
1.460201934e+00 1.3513628e+13
1.463122338e+00 1.2544757e+13
1.466048582e+00 1.3449002e+13
1.468980679e+00 1.2015101e+13
1.471918641e+00 1.3215683e+13
1.474862478e+00 1.2550411e+13
1.477812203e+00 1.3046560e+13
1.480767827e+00 1.2398557e+13
1.483729363e+00 1.3105799e+13
1.486696822e+00 1.3424794e+13
1.489670215e+00 1.2680967e+13
1.492649556e+00 1.3310680e+13
1.495634855e+00 1.3077014e+13
1.498626125e+00 1.3541562e+13
1.501623377e+00 1.2885239e+13
1.504626624e+00 1.3696447e+13
1.507635877e+00 1.3370660e+13
1.510651149e+00 1.3725626e+13
1.513672451e+00 1.3817800e+13
1.516699796e+00 1.2549239e+13
1.519733196e+00 1.4034033e+13
1.522772662e+00 1.4423025e+13
1.525818207e+00 1.3569972e+13
1.528869844e+00 1.4121606e+13
1.531927583e+00 1.3746723e+13
1.534991438e+00 1.4415371e+13
1.538061421e+00 1.4388634e+13
1.541137544e+00 1.3797209e+13
1.544219819e+00 1.4437281e+13
1.547308259e+00 1.4411177e+13
1.550402875e+00 1.4365402e+13
1.553503681e+00 1.4684050e+13
1.556610689e+00 1.4441433e+13
1.559723910e+00 1.4555895e+13
1.562843358e+00 1.4987812e+13
1.565969044e+00 1.4648550e+13
1.569100983e+00 1.5065944e+13
1.572239185e+00 1.4936635e+13
1.575383663e+00 1.5271632e+13
1.578534430e+00 1.5358247e+13
1.581691499e+00 1.5442183e+13
1.584854882e+00 1.5361625e+13
1.588024592e+00 1.5632144e+13
1.591200641e+00 1.5385365e+13
1.594383042e+00 1.5760876e+13
1.597571808e+00 1.5880919e+13
1.600766952e+00 1.5804615e+13
1.603968486e+00 1.5845500e+13
1.607176423e+00 1.5772968e+13
1.610390776e+00 1.6001829e+13
1.613611557e+00 1.6020926e+13
1.616838780e+00 1.6214373e+13
1.620072458e+00 1.5691008e+13
1.623312603e+00 1.6227710e+13
1.626559228e+00 1.6111831e+13
1.629812347e+00 1.6347266e+13
1.633071971e+00 1.6390892e+13
1.636338115e+00 1.6352508e+13
1.639610791e+00 1.6432920e+13
1.642890013e+00 1.6434821e+13
1.646175793e+00 1.6541341e+13
1.649468145e+00 1.6521702e+13
1.652767081e+00 1.6483599e+13
1.656072615e+00 1.6793353e+13
1.659384760e+00 1.6557710e+13
1.662703530e+00 1.6635355e+13
1.666028937e+00 1.6583948e+13
1.669360995e+00 1.6664023e+13
1.672699717e+00 1.6404011e+13
1.676045116e+00 1.6369575e+13
1.679397206e+00 1.6706412e+13
1.682756001e+00 1.6660914e+13
1.686121513e+00 1.6468899e+13
1.689493756e+00 1.6142970e+13
1.692872743e+00 1.6165625e+13
1.696258489e+00 1.5778389e+13
1.699651006e+00 1.5737695e+13
1.703050308e+00 1.5630133e+13
1.706456408e+00 1.5256211e+13
1.709869321e+00 1.4563028e+13
1.713289060e+00 1.4302187e+13
1.716715638e+00 1.3779350e+13
1.720149069e+00 1.3481405e+13
1.723589367e+00 1.3780058e+13
1.727036546e+00 1.3343059e+13
1.730490619e+00 1.2923748e+13
1.733951600e+00 1.2688116e+13
1.737419504e+00 1.2719306e+13
1.740894343e+00 1.2154285e+13
1.744376131e+00 1.2041086e+13
1.747864884e+00 1.1855634e+13
1.751360613e+00 1.1632558e+13
1.754863335e+00 1.0826918e+13
1.758373061e+00 1.0834553e+13
1.761889807e+00 1.0611719e+13
1.765413587e+00 1.1081676e+13
1.768944414e+00 1.0103035e+13
1.772482303e+00 1.0008114e+13
1.776027268e+00 9.5380286e+12
1.779579322e+00 9.6027341e+12
1.783138481e+00 9.4815538e+12
1.786704758e+00 8.6822342e+12
1.790278167e+00 9.0934466e+12
1.793858724e+00 8.8957212e+12
1.797446441e+00 9.2150415e+12
1.801041334e+00 7.9444898e+12
1.804643417e+00 8.5492594e+12
1.808252703e+00 8.5924940e+12
1.811869209e+00 7.9648011e+12
1.815492947e+00 8.9115505e+12
1.819123933e+00 7.9572791e+12
1.822762181e+00 8.5491127e+12
1.826407705e+00 7.8971273e+12
1.830060521e+00 8.5363111e+12
1.833720642e+00 7.9548869e+12
1.837388083e+00 8.0766946e+12
1.841062859e+00 7.7554670e+12
1.844744985e+00 7.3652423e+12
1.848434475e+00 6.8817063e+12
1.852131344e+00 7.5696553e+12
1.855835607e+00 7.0924573e+12
1.859547278e+00 6.0562657e+12
1.863266372e+00 6.9906052e+12
1.866992905e+00 6.9759415e+12
1.870726891e+00 7.5107203e+12
1.874468345e+00 7.0322874e+12
1.878217281e+00 6.7406764e+12
1.881973716e+00 7.6850268e+12
1.885737663e+00 7.4121278e+12
1.889509139e+00 7.6122543e+12
1.893288157e+00 6.7617849e+12
1.897074733e+00 7.5083539e+12
1.900868883e+00 8.0233225e+12
1.904670621e+00 7.4572339e+12
1.908479962e+00 7.6787512e+12
1.912296922e+00 7.5473761e+12
1.916121516e+00 7.5322933e+12
1.919953759e+00 7.5052569e+12
1.923793666e+00 7.4597115e+12
1.927641253e+00 7.5061652e+12
1.931496536e+00 6.6169687e+12
1.935359529e+00 7.4193939e+12
1.939230248e+00 6.8428083e+12
1.943108709e+00 6.9096466e+12
1.946994926e+00 6.3155365e+12
1.950888916e+00 6.5407949e+12
1.954790694e+00 6.5733661e+12
1.958700275e+00 7.5146082e+12
1.962617676e+00 6.9435476e+12
1.966542911e+00 6.8663887e+12
1.970475997e+00 7.0988300e+12
1.974416949e+00 6.4037250e+12
1.978365783e+00 5.6687940e+12
1.982322514e+00 6.3068097e+12
1.986287159e+00 6.1792718e+12
1.990259734e+00 6.0860486e+12
1.994240253e+00 6.6116863e+12
1.998228734e+00 6.2512848e+12
2.002225191e+00 6.6723606e+12
2.006229641e+00 6.6103755e+12
2.010242101e+00 6.2264210e+12
2.014262585e+00 6.4499291e+12
2.018291110e+00 6.2267601e+12
2.022327692e+00 6.7950279e+12
2.026372348e+00 6.2884231e+12
2.030425092e+00 6.5034299e+12
2.034485943e+00 6.4079585e+12
2.038554914e+00 6.6907941e+12
2.042632024e+00 6.6071574e+12
2.046717288e+00 6.6216231e+12
2.050810723e+00 6.5025717e+12
2.054912344e+00 6.6071177e+12
2.059022169e+00 6.8642183e+12
2.063140213e+00 6.4390623e+12
2.067266494e+00 6.7347484e+12
2.071401027e+00 6.8562303e+12
2.075543829e+00 6.7252688e+12
2.079694917e+00 6.8005572e+12
2.083854306e+00 6.8149160e+12
2.088022015e+00 6.8058532e+12
2.092198059e+00 7.0713935e+12
2.096382455e+00 6.9183195e+12
2.100575220e+00 6.9885694e+12
2.104776370e+00 7.1287150e+12
2.108985923e+00 7.1064019e+12
2.113203895e+00 7.1144519e+12
2.117430303e+00 7.0599077e+12
2.121665163e+00 7.2354584e+12
2.125908494e+00 7.2572518e+12
2.130160311e+00 7.2331992e+12
2.134420631e+00 7.3574933e+12
2.138689473e+00 7.2157971e+12
2.142966852e+00 7.4208102e+12
2.147252785e+00 7.4802888e+12
2.151547291e+00 7.2653979e+12
2.155850385e+00 7.5086796e+12
2.160162086e+00 7.4959641e+12
2.164482410e+00 7.4541186e+12
2.168811375e+00 7.5966354e+12
2.173148998e+00 7.5003357e+12
2.177495296e+00 7.3521903e+12
2.181850287e+00 7.5053989e+12
2.186213987e+00 7.4886046e+12
2.190586415e+00 7.5321915e+12
2.194967588e+00 7.4780941e+12
2.199357523e+00 7.5364927e+12
2.203756238e+00 7.2957127e+12
2.208163751e+00 6.9181717e+12
2.212580078e+00 7.4916064e+12
2.217005238e+00 7.4784147e+12
2.221439249e+00 7.3389449e+12
2.225882127e+00 7.5163316e+12
2.230333892e+00 7.4751885e+12
2.234794559e+00 7.2866393e+12
2.239264148e+00 7.5157028e+12
2.243742677e+00 7.3570655e+12
2.248230162e+00 7.3447101e+12
2.252726622e+00 7.3567585e+12
2.257232076e+00 7.3288335e+12
2.261746540e+00 7.2028978e+12
2.266270033e+00 7.2063798e+12
2.270802573e+00 7.1515451e+12
2.275344178e+00 7.2909529e+12
2.279894866e+00 7.0851111e+12
2.284454656e+00 7.1661872e+12
2.289023566e+00 7.2160057e+12
2.293601613e+00 5.9931918e+12
2.298188816e+00 6.2011937e+12
2.302785193e+00 6.2847963e+12
2.307390764e+00 6.4033860e+12
2.312005545e+00 6.2809679e+12
2.316629556e+00 6.3023387e+12
2.321262816e+00 5.8846860e+12
2.325905341e+00 5.5345375e+12
2.330557152e+00 5.7183675e+12
2.335218266e+00 5.7220438e+12
2.339888703e+00 5.5987898e+12
2.344568480e+00 5.7574879e+12
2.349257617e+00 5.8014432e+12
2.353956132e+00 5.0009279e+12
2.358664045e+00 5.2590344e+12
2.363381373e+00 5.3282546e+12
2.368108135e+00 5.3655084e+12
2.372844352e+00 5.4817250e+12
2.377590040e+00 5.2287495e+12
2.382345221e+00 4.9335049e+12
2.387109911e+00 4.7243701e+12
2.391884131e+00 5.0960493e+12
2.396667899e+00 4.8611077e+12
2.401461235e+00 4.7408720e+12
2.406264157e+00 4.4973847e+12
2.411076686e+00 4.4348106e+12
2.415898839e+00 4.1858653e+12
2.420730637e+00 4.2851344e+12
2.425572098e+00 4.1315843e+12
2.430423242e+00 4.1267316e+12
2.435284089e+00 3.7600700e+12
2.440154657e+00 3.9909210e+12
2.445034966e+00 3.8219421e+12
2.449925036e+00 3.6148282e+12
2.454824886e+00 3.4354714e+12
2.459734536e+00 3.4741357e+12
2.464654005e+00 3.7434992e+12
2.469583313e+00 3.3087392e+12
2.474522480e+00 3.2078956e+12
2.479471525e+00 3.2129207e+12
2.484430468e+00 3.3786319e+12
2.489399329e+00 2.9252616e+12
2.494378127e+00 3.2880175e+12
2.499366883e+00 3.0253439e+12
2.504365617e+00 2.7391943e+12
2.509374348e+00 3.1317515e+12
2.514393097e+00 2.6829663e+12
2.519421883e+00 3.0367229e+12
2.524460727e+00 2.8002545e+12
2.529509649e+00 2.8039713e+12
2.534568668e+00 2.7578540e+12
2.539637805e+00 2.6880263e+12
2.544717081e+00 2.6794271e+12
2.549806515e+00 2.7448462e+12
2.554906128e+00 2.6863443e+12
2.560015940e+00 2.6625458e+12
2.565135972e+00 2.5590077e+12
2.570266244e+00 2.8557469e+12
2.575406777e+00 2.3674398e+12
2.580557590e+00 2.6811052e+12
2.585718705e+00 2.6953339e+12
2.590890143e+00 2.6193113e+12
2.596071923e+00 2.5576469e+12
2.601264067e+00 2.7663347e+12
2.606466595e+00 2.6183281e+12
2.611679528e+00 2.8881075e+12
2.616902887e+00 2.6210409e+12
2.622136693e+00 2.7399146e+12
2.627380966e+00 2.7284937e+12
2.632635728e+00 2.5587679e+12
2.637901000e+00 2.8306284e+12
2.643176802e+00 2.5920857e+12
2.648463155e+00 2.7025295e+12
2.653760082e+00 2.7782686e+12
2.659067602e+00 2.9077698e+12
2.664385737e+00 2.7674501e+12
2.669714509e+00 2.6424008e+12
2.675053938e+00 2.4982923e+12
2.680404045e+00 2.6649652e+12
2.685764854e+00 2.4237297e+12
2.691136383e+00 2.5610133e+12
2.696518656e+00 2.2338420e+12
2.701911693e+00 2.5504075e+12
2.707315517e+00 2.3281884e+12
2.712730148e+00 2.2063799e+12
2.718155608e+00 2.3021966e+12
2.723591919e+00 2.1603174e+12
2.729039103e+00 2.2959871e+12
2.734497181e+00 2.2693816e+12
2.739966176e+00 2.0778760e+12
2.745446108e+00 2.3154114e+12
2.750937000e+00 2.2028659e+12
2.756438874e+00 2.1727570e+12
2.761951752e+00 2.2451518e+12
2.767475655e+00 2.0323956e+12
2.773010607e+00 2.2390706e+12
2.778556628e+00 2.0412296e+12
2.784113741e+00 2.0195815e+12
2.789681969e+00 2.0708496e+12
2.795261333e+00 2.2265851e+12
2.800851855e+00 2.0603752e+12
2.806453559e+00 1.9349827e+12
2.812066466e+00 2.1143821e+12
2.817690599e+00 1.9367459e+12
2.823325980e+00 1.9621357e+12
2.828972632e+00 2.1514358e+12
2.834630578e+00 1.9407732e+12
2.840299839e+00 1.9714625e+12
2.845980438e+00 2.0577759e+12
2.851672399e+00 1.8561672e+12
2.857375744e+00 1.9479713e+12
2.863090496e+00 2.0453293e+12
2.868816676e+00 1.8755183e+12
2.874554310e+00 1.9451739e+12
2.880303418e+00 1.9715280e+12
2.886064025e+00 1.9084978e+12
2.891836153e+00 1.8643256e+12
2.897619826e+00 2.0048924e+12
2.903415065e+00 1.9297801e+12
2.909221895e+00 1.6503188e+12
2.915040339e+00 2.0054399e+12
2.920870420e+00 1.7676615e+12
2.926712161e+00 1.7183144e+12
2.932565585e+00 1.9644006e+12
2.938430716e+00 1.8910716e+12
2.944307578e+00 1.7082947e+12
2.950196193e+00 1.8070213e+12
2.956096585e+00 1.8050859e+12
2.962008778e+00 1.7901854e+12
2.967932796e+00 1.7427485e+12
2.973868662e+00 1.8094093e+12
2.979816399e+00 1.8654092e+12
2.985776032e+00 1.7264614e+12
2.991747584e+00 1.7712212e+12
2.997731079e+00 1.8575832e+12
3.003726541e+00 1.7440652e+12
3.009733994e+00 1.5838627e+12
3.015753462e+00 1.9131870e+12
3.021784969e+00 1.7793080e+12
3.027828539e+00 1.7009832e+12
3.033884196e+00 1.7389553e+12
3.039951964e+00 1.8767446e+12
3.046031868e+00 1.6706536e+12
3.052123932e+00 1.6306759e+12
3.058228180e+00 1.8496476e+12
3.064344636e+00 1.7709734e+12
3.070473326e+00 1.6479353e+12
3.076614272e+00 1.8162585e+12
3.082767501e+00 1.7972496e+12
3.088933036e+00 1.6641989e+12
3.095110902e+00 1.6581310e+12
3.101301124e+00 1.8771673e+12
3.107503726e+00 1.7443979e+12
3.113718733e+00 1.6642601e+12
3.119946171e+00 1.7209497e+12
3.126186063e+00 1.8462158e+12
3.132438435e+00 1.6349148e+12
3.138703312e+00 1.7861858e+12
3.144980719e+00 1.7252787e+12
3.151270680e+00 1.7572289e+12
3.157573222e+00 1.6781815e+12
3.163888368e+00 1.7695728e+12
3.170216145e+00 1.7110864e+12
3.176556577e+00 1.6759846e+12
3.182909690e+00 1.7794976e+12
3.189275510e+00 1.7733459e+12
3.195654061e+00 1.6696207e+12
3.202045369e+00 1.6195632e+12
3.208449459e+00 1.8207657e+12
3.214866358e+00 1.7611672e+12
3.221296091e+00 1.6833860e+12
3.227738683e+00 1.7170526e+12
3.234194161e+00 1.7911684e+12
3.240662549e+00 1.6923576e+12
3.247143874e+00 1.7224035e+12
3.253638162e+00 1.7480801e+12
3.260145438e+00 1.8147653e+12
3.266665729e+00 1.7509926e+12
3.273199061e+00 1.7318976e+12
3.279745459e+00 1.7047187e+12
3.286304950e+00 1.7385829e+12
3.292877559e+00 1.7093429e+12
3.299463315e+00 1.7326446e+12
3.306062241e+00 1.7413446e+12
3.312674366e+00 1.7344043e+12
3.319299714e+00 1.6919598e+12
3.325938314e+00 1.8105703e+12
3.332590190e+00 1.8041641e+12
3.339255371e+00 1.6878201e+12
3.345933882e+00 1.7226556e+12
3.352625749e+00 1.7277643e+12
3.359331001e+00 1.7254136e+12
3.366049663e+00 1.7527262e+12
3.372781762e+00 1.7169387e+12
3.379527326e+00 1.6872427e+12
3.386286380e+00 1.7440760e+12
3.393058953e+00 1.7282429e+12
3.399845071e+00 1.7110382e+12
3.406644761e+00 1.6970686e+12
3.413458051e+00 1.6952829e+12
3.420284967e+00 1.6875274e+12
3.427125537e+00 1.7162900e+12
3.433979788e+00 1.7387148e+12
3.440847747e+00 1.6841807e+12
3.447729443e+00 1.7140102e+12
3.454624902e+00 1.6814944e+12
3.461534152e+00 1.6800579e+12
3.468457220e+00 1.7206154e+12
3.475394134e+00 1.7417079e+12
3.482344923e+00 1.6622232e+12
3.489309612e+00 1.6363000e+12
3.496288232e+00 1.6665257e+12
3.503280808e+00 1.7265704e+12
3.510287370e+00 1.7178741e+12
3.517307944e+00 1.6292799e+12
3.524342560e+00 1.6334862e+12
3.531391245e+00 1.7095744e+12
3.538454028e+00 1.6515840e+12
3.545530936e+00 1.6400012e+12
3.552621998e+00 1.6577953e+12
3.559727242e+00 1.6452388e+12
3.566846696e+00 1.6718412e+12
3.573980390e+00 1.5831649e+12
3.581128351e+00 1.6575724e+12
3.588290607e+00 1.6611727e+12
3.595467188e+00 1.6266732e+12
3.602658123e+00 1.5895170e+12
3.609863439e+00 1.6745558e+12
3.617083166e+00 1.6050090e+12
3.624317332e+00 1.6048434e+12
3.631565967e+00 1.6295931e+12
3.638829099e+00 1.5605178e+12
3.646106757e+00 1.6521409e+12
3.653398971e+00 1.5738862e+12
3.660705769e+00 1.5485698e+12
3.668027180e+00 1.5948427e+12
3.675363234e+00 1.5566224e+12
3.682713961e+00 1.5826832e+12
3.690079389e+00 1.5983287e+12
3.697459548e+00 1.5401117e+12
3.704854467e+00 1.5374077e+12
3.712264176e+00 1.5962218e+12
3.719688704e+00 1.5600289e+12
3.727128081e+00 1.6121466e+12
3.734582338e+00 1.4556356e+12
3.742051502e+00 1.5258336e+12
3.749535605e+00 1.6055116e+12
3.757034676e+00 1.5703568e+12
3.764548746e+00 1.5338597e+12
3.772077843e+00 1.4816424e+12
3.779621999e+00 1.5718654e+12
3.787181243e+00 1.5450874e+12
3.794755605e+00 1.5575232e+12
3.802345117e+00 1.5231766e+12
3.809949807e+00 1.4509346e+12
3.817569707e+00 1.5297471e+12
3.825204846e+00 1.5003760e+12
3.832855256e+00 1.4823248e+12
3.840520966e+00 1.4807115e+12
3.848202008e+00 1.4400463e+12
3.855898412e+00 1.4898833e+12
3.863610209e+00 1.4976893e+12
3.871337429e+00 1.4642949e+12
3.879080104e+00 1.4454322e+12
3.886838264e+00 1.4247532e+12
3.894611941e+00 1.4214107e+12
3.902401165e+00 1.4480135e+12
3.910205967e+00 1.4214230e+12
3.918026379e+00 1.4052486e+12
3.925862432e+00 1.4329448e+12
3.933714157e+00 1.3624908e+12
3.941581585e+00 1.4046508e+12
3.949464748e+00 1.3724865e+12
3.957363678e+00 1.3812087e+12
3.965278405e+00 1.3476852e+12
3.973208962e+00 1.3126730e+12
3.981155380e+00 1.3008385e+12
3.989117691e+00 1.3082300e+12
3.997095926e+00 1.2989557e+12
4.005090118e+00 1.2453060e+12
4.013100298e+00 1.2531865e+12
4.021126499e+00 1.2111139e+12
4.029168752e+00 1.2266931e+12
4.037227089e+00 1.2252545e+12
4.045301543e+00 1.1581115e+12
4.053392146e+00 1.1837061e+12
4.061498931e+00 1.1380000e+12
4.069621928e+00 1.1585946e+12
4.077761172e+00 1.1050665e+12
4.085916695e+00 1.0649688e+12
4.094088528e+00 1.0703661e+12
4.102276705e+00 1.1094943e+12
4.110481259e+00 1.0816613e+12
4.118702221e+00 1.0543746e+12
4.126939626e+00 1.0225894e+12
4.135193505e+00 1.0411215e+12
4.143463892e+00 1.0388955e+12
4.151750820e+00 1.0670850e+12
4.160054321e+00 9.8705687e+11
4.168374430e+00 9.5985318e+11
4.176711179e+00 1.0086415e+12
4.185064601e+00 9.6612502e+11
4.193434730e+00 1.0050710e+12
4.201821600e+00 9.6750249e+11
4.210225243e+00 9.5138595e+11
4.218645693e+00 9.3074574e+11
4.227082985e+00 9.6245822e+11
4.235537151e+00 9.7870000e+11
4.244008225e+00 9.0301513e+11
4.252496242e+00 8.9827497e+11
4.261001234e+00 9.0506445e+11
4.269523236e+00 8.9668954e+11
4.278062283e+00 9.0648351e+11
4.286618407e+00 9.0744396e+11
4.295191644e+00 8.4777676e+11
4.303782028e+00 8.2915062e+11
4.312389592e+00 8.4250888e+11
4.321014371e+00 8.1928204e+11
4.329656400e+00 8.2834599e+11
4.338315712e+00 8.1125538e+11
4.346992344e+00 7.7781237e+11
4.355686328e+00 7.8838925e+11
4.364397701e+00 7.5959938e+11
4.373126497e+00 7.6444420e+11
4.381872750e+00 7.3677471e+11
4.390636495e+00 7.5557321e+11
4.399417768e+00 7.2369839e+11
4.408216604e+00 7.1695472e+11
4.417033037e+00 7.1912947e+11
4.425867103e+00 6.8415470e+11
4.434718837e+00 6.8368712e+11
4.443588275e+00 6.9323130e+11
4.452475451e+00 6.6924532e+11
4.461380402e+00 6.9474483e+11
4.470303163e+00 6.4235819e+11
4.479243769e+00 6.5323435e+11
4.488202257e+00 6.8008099e+11
4.497178661e+00 6.1347815e+11
4.506173019e+00 6.6362202e+11
4.515185365e+00 6.3463658e+11
4.524215735e+00 6.1460687e+11
4.533264167e+00 6.3702818e+11
4.542330695e+00 6.0157955e+11
4.551415357e+00 6.3309556e+11
4.560518187e+00 6.1645838e+11
4.569639224e+00 5.6344890e+11
4.578778502e+00 6.0714596e+11
4.587936059e+00 6.0723526e+11
4.597111931e+00 5.8626680e+11
4.606306155e+00 5.7177408e+11
4.615518767e+00 5.9186808e+11
4.624749805e+00 5.8546864e+11
4.633999305e+00 5.6225661e+11
4.643267303e+00 5.6378337e+11
4.652553838e+00 5.6878669e+11
4.661858946e+00 5.8076636e+11
4.671182663e+00 5.3864977e+11
4.680525029e+00 5.6409503e+11
4.689886079e+00 5.6880852e+11
4.699265851e+00 5.5488851e+11
4.708664383e+00 5.4751501e+11
4.718081711e+00 5.4386685e+11
4.727517875e+00 5.5011901e+11
4.736972911e+00 5.2070594e+11
4.746446856e+00 5.4467430e+11
4.755939750e+00 5.4301391e+11
4.765451630e+00 5.1975519e+11
4.774982533e+00 4.9329688e+11
4.784532498e+00 5.2133806e+11
4.794101563e+00 5.2091978e+11
4.803689766e+00 5.1161170e+11
4.813297146e+00 4.8737947e+11
4.822923740e+00 5.2151836e+11
4.832569587e+00 5.0254596e+11
4.842234727e+00 5.0454762e+11
4.851919196e+00 4.9448566e+11
4.861623034e+00 4.9163232e+11
4.871346280e+00 4.8781684e+11
4.881088973e+00 4.8632616e+11
4.890851151e+00 4.8526994e+11
4.900632853e+00 4.9252641e+11
4.910434119e+00 4.8770626e+11
4.920254987e+00 4.7802359e+11
4.930095497e+00 4.5748927e+11
4.939955688e+00 4.5715511e+11
4.949835600e+00 4.5061640e+11
4.959735271e+00 4.5412185e+11
4.969654741e+00 4.3738920e+11
4.979594051e+00 4.5784692e+11
4.989553239e+00 4.6697631e+11
4.999532345e+00 4.1127090e+11
5.009531410e+00 4.5370649e+11
5.019550473e+00 4.0165312e+11
5.029589574e+00 4.1810406e+11
5.039648753e+00 4.1831391e+11
5.049728050e+00 4.3771955e+11
5.059827507e+00 4.2181341e+11
5.069947162e+00 4.2971669e+11
5.080087056e+00 3.9237037e+11
5.090247230e+00 4.0146233e+11
5.100427724e+00 4.3132363e+11
5.110628580e+00 3.8951976e+11
5.120849837e+00 4.0442425e+11
5.131091537e+00 3.8682581e+11
5.141353720e+00 3.7872226e+11
5.151636427e+00 4.1277065e+11
5.161939700e+00 3.7403499e+11
5.172263580e+00 3.7463435e+11
5.182608107e+00 3.8853558e+11
5.192973323e+00 3.9285839e+11
5.203359270e+00 3.7435816e+11
5.213765988e+00 3.7803265e+11
5.224193520e+00 3.6968774e+11
5.234641907e+00 3.7582860e+11
5.245111191e+00 3.6543274e+11
5.255601413e+00 3.6583129e+11
5.266112616e+00 3.6902105e+11
5.276644841e+00 3.4745215e+11
5.287198131e+00 3.5518103e+11
5.297772527e+00 3.5816470e+11
5.308368072e+00 3.4957688e+11
5.318984809e+00 3.3846524e+11
5.329622778e+00 3.7177367e+11
5.340282024e+00 3.3996937e+11
5.350962588e+00 3.2917248e+11
5.361664513e+00 3.4524838e+11
5.372387842e+00 3.4854747e+11
5.383132618e+00 3.3881145e+11
5.393898883e+00 3.4161866e+11
5.404686681e+00 3.2469932e+11
5.415496054e+00 3.1693767e+11
5.426327046e+00 3.0600240e+11
5.437179700e+00 3.2841700e+11
5.448054060e+00 3.2646064e+11
5.458950168e+00 3.1364718e+11
5.469868068e+00 3.2657190e+11
5.480807804e+00 3.1128132e+11
5.491769420e+00 3.1667921e+11
5.502752959e+00 3.2669905e+11
5.513758465e+00 3.0372775e+11
5.524785981e+00 2.8788734e+11
5.535835553e+00 3.1410191e+11
5.546907225e+00 2.9222877e+11
5.558001039e+00 3.0573375e+11
5.569117041e+00 2.8893623e+11
5.580255275e+00 2.9346430e+11
5.591415786e+00 3.0387752e+11
5.602598617e+00 2.9997924e+11
5.613803814e+00 2.8986671e+11
5.625031422e+00 2.9286684e+11
5.636281485e+00 2.9432827e+11
5.647554048e+00 2.8062811e+11
5.658849156e+00 2.8219156e+11
5.670166854e+00 2.8260746e+11
5.681507188e+00 2.7709080e+11
5.692870202e+00 2.7682593e+11
5.704255943e+00 2.8598559e+11
5.715664455e+00 2.5572385e+11
5.727095784e+00 2.7336607e+11
5.738549975e+00 2.6181302e+11
5.750027075e+00 2.8324005e+11
5.761527129e+00 2.7205454e+11
5.773050184e+00 2.7056266e+11
5.784596284e+00 2.5935927e+11
5.796165476e+00 2.6346672e+11
5.807757807e+00 2.7802891e+11
5.819373323e+00 2.5924984e+11
5.831012070e+00 2.4822291e+11
5.842674094e+00 2.5145314e+11
5.854359442e+00 2.5690463e+11
5.866068161e+00 2.6864378e+11
5.877800297e+00 2.4372743e+11
5.889555898e+00 2.7167708e+11
5.901335010e+00 2.3391734e+11
5.913137680e+00 2.5939437e+11
5.924963955e+00 2.6404602e+11
5.936813883e+00 2.4372507e+11
5.948687511e+00 2.4588771e+11
5.960584886e+00 2.5685620e+11
5.972506055e+00 2.3893717e+11
5.984451068e+00 2.4810595e+11
5.996419970e+00 2.5251166e+11
6.008412810e+00 2.5529204e+11
6.020429635e+00 2.3770307e+11
6.032470495e+00 2.4101746e+11
6.044535436e+00 2.2545199e+11
6.056624506e+00 2.3510982e+11
6.068737755e+00 2.5194174e+11
6.080875231e+00 2.5027035e+11
6.093036981e+00 2.3895034e+11
6.105223055e+00 2.3580700e+11
6.117433501e+00 2.2207102e+11
6.129668368e+00 2.5256647e+11
6.141927705e+00 2.4236401e+11
6.154211561e+00 2.3312716e+11
6.166519984e+00 2.2994916e+11
6.178853024e+00 2.3284649e+11
6.191210730e+00 2.3882265e+11
6.203593151e+00 2.3144102e+11
6.216000338e+00 2.2986120e+11
6.228432338e+00 2.4085608e+11
6.240889203e+00 2.2164189e+11
6.253370981e+00 2.3391586e+11
6.265877723e+00 2.2076718e+11
6.278409479e+00 2.2741554e+11
6.290966298e+00 2.2713522e+11
6.303548230e+00 2.2571626e+11
6.316155327e+00 2.2260642e+11
6.328787637e+00 2.1999192e+11
6.341445213e+00 2.1921340e+11
6.354128103e+00 2.0801098e+11
6.366836359e+00 2.2000175e+11
6.379570032e+00 2.0426501e+11
6.392329172e+00 2.0924770e+11
6.405113830e+00 1.9997579e+11
6.417924058e+00 1.9692522e+11
6.430759906e+00 1.9880224e+11
6.443621426e+00 1.9445776e+11
6.456508669e+00 1.8427072e+11
6.469421686e+00 1.7108988e+11
6.482360530e+00 1.6916405e+11
6.495325251e+00 1.7223669e+11
6.508315901e+00 1.7282587e+11
6.521332533e+00 1.6855422e+11
6.534375198e+00 1.6634357e+11
6.547443948e+00 1.6327810e+11
6.560538836e+00 1.5556870e+11
6.573659914e+00 1.5965364e+11
6.586807234e+00 1.5656300e+11
6.599980848e+00 1.4444583e+11
6.613180810e+00 1.5017580e+11
6.626407172e+00 1.3741114e+11
6.639659986e+00 1.4345721e+11
6.652939306e+00 1.4850511e+11
6.666245184e+00 1.4754196e+11
6.679577675e+00 1.4414001e+11
6.692936830e+00 1.4157438e+11
6.706322704e+00 1.5155861e+11
6.719735349e+00 1.4185172e+11
6.733174820e+00 1.4535867e+11
6.746641170e+00 1.4160165e+11
6.760134452e+00 1.4195102e+11
6.773654721e+00 1.3990627e+11
6.787202030e+00 1.3195383e+11
6.800776434e+00 1.4025037e+11
6.814377987e+00 1.2805794e+11
6.828006743e+00 1.3219390e+11
6.841662757e+00 1.3567406e+11
6.855346082e+00 1.3273050e+11
6.869056774e+00 1.2988546e+11
6.882794888e+00 1.3353547e+11
6.896560478e+00 1.3309788e+11
6.910353599e+00 1.3434010e+11
6.924174306e+00 1.2600193e+11
6.938022654e+00 1.3250643e+11
6.951898700e+00 1.2859482e+11
6.965802497e+00 1.2637183e+11
6.979734102e+00 1.3087903e+11
6.993693570e+00 1.3444535e+11
7.007680957e+00 1.2085806e+11
7.021696319e+00 1.1891311e+11
7.035739712e+00 1.3025750e+11
7.049811191e+00 1.1657079e+11
7.063910814e+00 1.2989031e+11
7.078038635e+00 1.1646950e+11
7.092194713e+00 1.2230900e+11
7.106379102e+00 1.1774431e+11
7.120591860e+00 1.1989602e+11
7.134833044e+00 1.1859123e+11
7.149102710e+00 1.1744995e+11
7.163400916e+00 1.2507219e+11
7.177727717e+00 1.2197778e+11
7.192083173e+00 1.1876863e+11
7.206467339e+00 1.1467292e+11
7.220880274e+00 1.1612997e+11
7.235322034e+00 1.1609772e+11
7.249792679e+00 1.1467555e+11
7.264292264e+00 1.1597474e+11
7.278820848e+00 1.1351948e+11
7.293378490e+00 1.1088508e+11
7.307965247e+00 1.1280836e+11
7.322581178e+00 1.1602944e+11
7.337226340e+00 1.0362912e+11
7.351900793e+00 1.0813681e+11
7.366604594e+00 1.0774205e+11
7.381337803e+00 1.0784392e+11
7.396100479e+00 1.1118436e+11
7.410892680e+00 1.0845235e+11
7.425714465e+00 1.0369234e+11
7.440565894e+00 1.0363370e+11
7.455447026e+00 1.0766968e+11
7.470357920e+00 1.0425410e+11
7.485298636e+00 1.0950438e+11
7.500269233e+00 1.0182824e+11
7.515269772e+00 1.0493001e+11
7.530300311e+00 9.8520291e+10
7.545360912e+00 1.0283983e+11
7.560451634e+00 1.0574902e+11
7.575572537e+00 9.5598708e+10
7.590723682e+00 9.5536630e+10
7.605905129e+00 9.1659418e+10
7.621116940e+00 9.4816964e+10
7.636359173e+00 9.2954625e+10
7.651631892e+00 9.4623842e+10
7.666935156e+00 9.1550313e+10
7.682269026e+00 9.5396953e+10
7.697633564e+00 9.2903735e+10
7.713028831e+00 9.0348878e+10
7.728454889e+00 8.9715535e+10
7.743911799e+00 8.4828992e+10
7.759399622e+00 8.6378001e+10
7.774918421e+00 8.8246536e+10
7.790468258e+00 8.8814260e+10
7.806049195e+00 8.1673892e+10
7.821661293e+00 8.8296375e+10
7.837304616e+00 8.5706980e+10
7.852979225e+00 8.5052611e+10
7.868685183e+00 8.0207662e+10
7.884422554e+00 7.9271607e+10
7.900191399e+00 7.7335311e+10
7.915991782e+00 7.9478149e+10
7.931823765e+00 8.2654014e+10
7.947687413e+00 7.9887158e+10
7.963582788e+00 7.5665114e+10
7.979509953e+00 7.6788019e+10
7.995468973e+00 7.8931019e+10
8.011459911e+00 7.6927629e+10
8.027482831e+00 7.8890464e+10
8.043537796e+00 7.3766894e+10
8.059624872e+00 7.6769208e+10
8.075744122e+00 7.4627968e+10
8.091895610e+00 7.6576186e+10
8.108079401e+00 7.1932855e+10
8.124295560e+00 7.3550422e+10
8.140544151e+00 7.6367169e+10
8.156825240e+00 7.1722119e+10
8.173138890e+00 7.5584630e+10
8.189485168e+00 7.1447416e+10
8.205864138e+00 6.9857212e+10
8.222275866e+00 7.1395145e+10
8.238720418e+00 7.1443401e+10
8.255197859e+00 7.2585185e+10
8.271708255e+00 6.9517174e+10
8.288251671e+00 6.9990283e+10
8.304828175e+00 6.9904011e+10
8.321437831e+00 6.7377361e+10
8.338080707e+00 6.5699365e+10
8.354756868e+00 6.8277534e+10
8.371466382e+00 6.5437780e+10
8.388209314e+00 6.4630402e+10
8.404985733e+00 6.9826782e+10
8.421795705e+00 6.7594857e+10
8.438639296e+00 6.6255393e+10
8.455516575e+00 6.5828378e+10
8.472427608e+00 6.6546742e+10
8.489372463e+00 6.3332984e+10
8.506351208e+00 6.4147023e+10
8.523363910e+00 6.5200222e+10
8.540410638e+00 6.3779488e+10
8.557491459e+00 6.1530104e+10
8.574606442e+00 6.3364183e+10
8.591755655e+00 6.3515605e+10
8.608939166e+00 6.3919795e+10
8.626157045e+00 6.0714138e+10
8.643409359e+00 6.3739015e+10
8.660696178e+00 6.2354067e+10
8.678017570e+00 5.8925738e+10
8.695373605e+00 6.4401307e+10
8.712764352e+00 5.9786548e+10
8.730189881e+00 5.9229351e+10
8.747650261e+00 5.9692977e+10
8.765145561e+00 5.6914408e+10
8.782675852e+00 5.9039228e+10
8.800241204e+00 5.7393610e+10
8.817841687e+00 5.7950558e+10
8.835477370e+00 5.7846338e+10
8.853148325e+00 5.9479677e+10
8.870854621e+00 5.7170225e+10
8.888596331e+00 5.7994431e+10
8.906373523e+00 5.7424219e+10
8.924186270e+00 5.7274770e+10
8.942034643e+00 5.6311621e+10
8.959918712e+00 5.7035178e+10
8.977838550e+00 5.3935116e+10
8.995794227e+00 5.6682553e+10
9.013785815e+00 5.6315913e+10
9.031813387e+00 5.4849607e+10
9.049877013e+00 5.6378540e+10
9.067976767e+00 5.4087295e+10
9.086112721e+00 5.4517079e+10
9.104284946e+00 5.4891065e+10
9.122493516e+00 5.3841264e+10
9.140738503e+00 5.5111675e+10
9.159019980e+00 5.3014037e+10
9.177338020e+00 5.2632487e+10
9.195692696e+00 5.3228624e+10
9.214084082e+00 5.3707258e+10
9.232512250e+00 5.3276760e+10
9.250977274e+00 5.0454149e+10
9.269479229e+00 5.1907656e+10
9.288018187e+00 5.0712819e+10
9.306594224e+00 5.2006940e+10
9.325207412e+00 5.0425174e+10
9.343857827e+00 5.1487309e+10
9.362545543e+00 5.1968431e+10
9.381270634e+00 4.9709835e+10
9.400033175e+00 4.8630693e+10
9.418833241e+00 4.9179653e+10
9.437670908e+00 4.8404564e+10
9.456546250e+00 4.9398147e+10
9.475459342e+00 4.9617252e+10
9.494410261e+00 4.8253483e+10
9.513399081e+00 4.8686551e+10
9.532425880e+00 4.8812313e+10
9.551490731e+00 4.9901426e+10
9.570593713e+00 4.8173470e+10
9.589734900e+00 4.6419800e+10
9.608914370e+00 4.6214974e+10
9.628132199e+00 4.5969094e+10
9.647388463e+00 4.5390648e+10
9.666683240e+00 4.6355729e+10
9.686016607e+00 4.6075331e+10
9.705388640e+00 4.5385910e+10
9.724799417e+00 4.5726127e+10
9.744249016e+00 4.6181740e+10
9.763737514e+00 4.5512650e+10
9.783264989e+00 4.4319813e+10
9.802831519e+00 4.5656217e+10
9.822437182e+00 4.3087351e+10
9.842082056e+00 4.4658839e+10
9.861766221e+00 4.2898062e+10
9.881489753e+00 4.2807112e+10
9.901252732e+00 4.0657456e+10
9.921055238e+00 4.1509548e+10
9.940897348e+00 4.3817042e+10
9.960779143e+00 4.2304701e+10
9.980700701e+00 4.2070618e+10
1.000066210e+01 4.1800384e+10
1.002066343e+01 4.1753668e+10
1.004070475e+01 4.2139394e+10
1.006078616e+01 3.9819436e+10
1.008090774e+01 3.9110149e+10
1.010106955e+01 3.9888010e+10
1.012127169e+01 3.9637143e+10
1.014151423e+01 4.0156289e+10
1.016179726e+01 4.0642001e+10
1.018212086e+01 3.9040907e+10
1.020248510e+01 4.0255323e+10
1.022289007e+01 3.8085634e+10
1.024333585e+01 3.8249173e+10
1.026382252e+01 3.8396476e+10
1.028435017e+01 3.6963910e+10
1.030491887e+01 3.7729992e+10
1.032552870e+01 3.5881570e+10
1.034617976e+01 3.7635747e+10
1.036687212e+01 3.6112347e+10
1.038760586e+01 3.7196833e+10
1.040838108e+01 3.5553322e+10
1.042919784e+01 3.4297047e+10
1.045005623e+01 3.5689664e+10
1.047095635e+01 3.4559257e+10
1.049189826e+01 3.5277303e+10
1.051288206e+01 3.4548997e+10
1.053390782e+01 3.5178550e+10
1.055497564e+01 3.3747205e+10
1.057608559e+01 3.3176284e+10
1.059723776e+01 3.3074846e+10
1.061843223e+01 3.2956643e+10
1.063966910e+01 3.2877283e+10
1.066094844e+01 3.3415664e+10
1.068227033e+01 3.2944766e+10
1.070363487e+01 3.2102071e+10
1.072504214e+01 3.2300371e+10
1.074649223e+01 3.1205209e+10
1.076798521e+01 3.1403679e+10
1.078952118e+01 3.0812595e+10
1.081110023e+01 3.2243314e+10
1.083272243e+01 3.1716840e+10
1.085438787e+01 3.1365649e+10
1.087609665e+01 3.0452994e+10
1.089784884e+01 2.8791892e+10
1.091964454e+01 3.0064710e+10
1.094148383e+01 2.8810217e+10
1.096336679e+01 2.9672106e+10
1.098529353e+01 2.7471135e+10
1.100726411e+01 2.9338637e+10
1.102927864e+01 2.8907331e+10
1.105133720e+01 2.6852842e+10
1.107343987e+01 2.7975851e+10
1.109558675e+01 2.8429503e+10
1.111777793e+01 2.7260072e+10
1.114001348e+01 2.8195496e+10
1.116229351e+01 2.7340324e+10
1.118461810e+01 2.6418447e+10
1.120698733e+01 2.6314302e+10
1.122940131e+01 2.6495863e+10
1.125186011e+01 2.6860320e+10
1.127436383e+01 2.6654331e+10
1.129691256e+01 2.5787106e+10
1.131950638e+01 2.5245007e+10
1.134214540e+01 2.6176587e+10
1.136482969e+01 2.5026385e+10
1.138755935e+01 2.5307548e+10
1.141033447e+01 2.6583368e+10
1.143315513e+01 2.4250406e+10
1.145602144e+01 2.4501671e+10
1.147893349e+01 2.4162270e+10
1.150189135e+01 2.4742018e+10
1.152489514e+01 2.3753473e+10
1.154794493e+01 2.2539810e+10
1.157104082e+01 2.3287391e+10
1.159418290e+01 2.2873848e+10
1.161737126e+01 2.3324872e+10
1.164060601e+01 2.2738822e+10
1.166388722e+01 2.3575393e+10
1.168721499e+01 2.2717012e+10
1.171058942e+01 2.2265056e+10
1.173401060e+01 2.1423777e+10
1.175747862e+01 2.1366032e+10
1.178099358e+01 2.1725182e+10
1.180455557e+01 2.1844233e+10
1.182816468e+01 2.0973809e+10
1.185182101e+01 2.1424531e+10
1.187552465e+01 2.1921866e+10
1.189927570e+01 2.0548972e+10
1.192307425e+01 2.0957248e+10
1.194692040e+01 2.1186808e+10
1.197081424e+01 2.0660473e+10
1.199475587e+01 2.0467714e+10
1.201874538e+01 2.0204499e+10
1.204278287e+01 2.0238594e+10
1.206686844e+01 2.0447429e+10
1.209100217e+01 1.9835729e+10
1.211518418e+01 2.0028515e+10
1.213941455e+01 1.9363131e+10
1.216369338e+01 1.9346488e+10
1.218802076e+01 1.9996558e+10
1.221239680e+01 1.9115366e+10
1.223682160e+01 1.9231494e+10
1.226129524e+01 1.9052760e+10
1.228581783e+01 1.8430195e+10
1.231038947e+01 1.8553794e+10
1.233501025e+01 1.8786884e+10
1.235968027e+01 1.8281328e+10
1.238439963e+01 1.8436560e+10
1.240916843e+01 1.7339191e+10
1.243398676e+01 1.6852984e+10
1.245885474e+01 1.7503815e+10
1.248377245e+01 1.7628114e+10
1.250873999e+01 1.7385528e+10
1.253375747e+01 1.6461824e+10
1.255882499e+01 1.7040087e+10
1.258394264e+01 1.6759791e+10
1.260911052e+01 1.6863628e+10
1.263432874e+01 1.7019422e+10
1.265959740e+01 1.5838533e+10
1.268491659e+01 1.6441373e+10
1.271028643e+01 1.6675222e+10
1.273570700e+01 1.6810785e+10
1.276117842e+01 1.5470947e+10
1.278670077e+01 1.5543673e+10
1.281227417e+01 1.5250018e+10
1.283789872e+01 1.6078654e+10
1.286357452e+01 1.5712290e+10
1.288930167e+01 1.6212596e+10
1.291508027e+01 1.5261275e+10
1.294091043e+01 1.5145283e+10
1.296679225e+01 1.5025148e+10
1.299272584e+01 1.5219155e+10
1.301871129e+01 1.4836621e+10
1.304474871e+01 1.4548398e+10
1.307083821e+01 1.5097093e+10
1.309697989e+01 1.5004852e+10
1.312317385e+01 1.4902145e+10
1.314942019e+01 1.4063214e+10
1.317571903e+01 1.4155293e+10
1.320207047e+01 1.4050287e+10
1.322847461e+01 1.3858837e+10
1.325493156e+01 1.3734270e+10
1.328144142e+01 1.3874041e+10
1.330800431e+01 1.3581149e+10
1.333462032e+01 1.3550140e+10
1.336128956e+01 1.3678210e+10
1.338801214e+01 1.3870415e+10
1.341478816e+01 1.3628896e+10
1.344161774e+01 1.2966346e+10
1.346850097e+01 1.3027033e+10
1.349543797e+01 1.2975400e+10
1.352242885e+01 1.3103269e+10
1.354947371e+01 1.2546901e+10
1.357657266e+01 1.2463789e+10
1.360372580e+01 1.2784327e+10
1.363093325e+01 1.2341148e+10
1.365819512e+01 1.2424436e+10
1.368551151e+01 1.2562804e+10
1.371288253e+01 1.1691651e+10
1.374030830e+01 1.2258376e+10
1.376778891e+01 1.1365257e+10
1.379532449e+01 1.2395067e+10
1.382291514e+01 1.2354158e+10
1.385056097e+01 1.1477611e+10
1.387826209e+01 1.2375249e+10
1.390601862e+01 1.1613369e+10
1.393383065e+01 1.1979028e+10
1.396169832e+01 1.1204500e+10
1.398962171e+01 1.1609787e+10
1.401760096e+01 1.0971989e+10
1.404563616e+01 1.1586617e+10
1.407372743e+01 1.1210394e+10
1.410187488e+01 1.1447812e+10
1.413007863e+01 1.0315964e+10
1.415833879e+01 1.0397085e+10
1.418665547e+01 1.0680575e+10
1.421502878e+01 1.0336103e+10
1.424345884e+01 1.1107643e+10
1.427194576e+01 1.0848144e+10
1.430048965e+01 1.0928307e+10
1.432909063e+01 1.0094946e+10
1.435774881e+01 1.0316720e+10
1.438646430e+01 1.0173561e+10
1.441523723e+01 1.0222519e+10
1.444406771e+01 1.0075346e+10
1.447295584e+01 9.6720558e+09
1.450190175e+01 9.7196552e+09
1.453090556e+01 9.8791582e+09
1.455996737e+01 1.0078647e+10
1.458908730e+01 9.6452239e+09
1.461826548e+01 9.7942583e+09
1.464750201e+01 8.9849934e+09
1.467679701e+01 9.1479512e+09
1.470615061e+01 9.0015941e+09
1.473556291e+01 9.4958947e+09
1.476503403e+01 9.5617120e+09
1.479456410e+01 9.5325707e+09
1.482415323e+01 9.3129482e+09
1.485380154e+01 9.0545789e+09
1.488350914e+01 8.9935759e+09
1.491327616e+01 8.6889260e+09
1.494310271e+01 9.2375779e+09
1.497298892e+01 8.4244527e+09
1.500293489e+01 9.0508886e+09
1.503294076e+01 8.5637910e+09
1.506300665e+01 8.9038585e+09
1.509313266e+01 8.7225043e+09
1.512331892e+01 8.2943647e+09
1.515356556e+01 8.6249806e+09
1.518387269e+01 8.0057827e+09
1.521424044e+01 8.7435191e+09
1.524466892e+01 8.1446068e+09
1.527515826e+01 8.2866841e+09
1.530570857e+01 7.8358393e+09
1.533631999e+01 7.7296970e+09
1.536699263e+01 7.8615401e+09
1.539772662e+01 7.8497937e+09
1.542852207e+01 7.8056780e+09
1.545937911e+01 7.4217404e+09
1.549029787e+01 7.7150289e+09
1.552127847e+01 7.6486891e+09
1.555232102e+01 7.6238813e+09
1.558342567e+01 7.7950724e+09
1.561459252e+01 7.7928617e+09
1.564582170e+01 7.4254276e+09
1.567711335e+01 7.5376112e+09
1.570846757e+01 7.5288776e+09
1.573988451e+01 7.3369088e+09
1.577136428e+01 7.2204979e+09
1.580290701e+01 7.1554382e+09
1.583451282e+01 7.2219535e+09
1.586618185e+01 7.0694321e+09
1.589791421e+01 6.9832012e+09
1.592971004e+01 6.8436852e+09
1.596156946e+01 6.8424189e+09
1.599349260e+01 6.6161542e+09
1.602547958e+01 6.6983407e+09
1.605753054e+01 6.8721951e+09
1.608964560e+01 6.5404680e+09
1.612182489e+01 6.5404486e+09
1.615406854e+01 6.5053515e+09
1.618637668e+01 6.6758542e+09
1.621874943e+01 6.3101664e+09
1.625118693e+01 6.6641686e+09
1.628368931e+01 6.2717063e+09
1.631625668e+01 6.2666458e+09
1.634888920e+01 6.7584029e+09
1.638158698e+01 6.3475321e+09
1.641435015e+01 6.3031429e+09
1.644717885e+01 6.3020792e+09
1.648007321e+01 6.1098676e+09
1.651303336e+01 6.2717365e+09
1.654605942e+01 5.8345031e+09
1.657915154e+01 5.9664505e+09
1.661230984e+01 5.7876009e+09
1.664553446e+01 5.6664079e+09
1.667882553e+01 6.1134262e+09
1.671218318e+01 5.7332774e+09
1.674560755e+01 5.8203738e+09
1.677909876e+01 6.0200881e+09
1.681265696e+01 5.7408416e+09
1.684628228e+01 5.6058697e+09
1.687997484e+01 5.3926209e+09
1.691373479e+01 5.5583440e+09
1.694756226e+01 5.6942234e+09
1.698145738e+01 5.5679070e+09
1.701542030e+01 5.7444934e+09
1.704945114e+01 5.5915852e+09
1.708355004e+01 5.5182151e+09
1.711771714e+01 5.2224386e+09
1.715195258e+01 5.1648590e+09
1.718625648e+01 5.2857919e+09
1.722062899e+01 4.9614972e+09
1.725507025e+01 5.0018158e+09
1.728958039e+01 5.1894681e+09
1.732415955e+01 5.1174009e+09
1.735880787e+01 4.9778018e+09
1.739352549e+01 5.1092281e+09
1.742831254e+01 5.2293914e+09
1.746316917e+01 4.8179075e+09
1.749809550e+01 4.8527119e+09
1.753309169e+01 4.7386314e+09
1.756815788e+01 4.9500132e+09
1.760329419e+01 4.7516630e+09
1.763850078e+01 4.5503048e+09
1.767377778e+01 4.7345572e+09
1.770912534e+01 4.7173067e+09
1.774454359e+01 4.6953237e+09
1.778003268e+01 4.7335312e+09
1.781559274e+01 4.6482316e+09
1.785122393e+01 4.5823874e+09
1.788692638e+01 4.7311710e+09
1.792270023e+01 4.3706839e+09
1.795854563e+01 4.4648301e+09
1.799446272e+01 4.9129854e+09
1.803045165e+01 4.2874639e+09
1.806651255e+01 4.3227653e+09
1.810264557e+01 4.3383019e+09
1.813885087e+01 4.3689894e+09
1.817512857e+01 4.0917046e+09
1.821147882e+01 4.3238683e+09
1.824790178e+01 4.2205122e+09
1.828439759e+01 4.2508971e+09
1.832096638e+01 4.2351840e+09
1.835760831e+01 4.1882062e+09
1.839432353e+01 4.0287376e+09
1.843111218e+01 4.0868377e+09
1.846797440e+01 4.3250114e+09
1.850491035e+01 4.0644606e+09
1.854192017e+01 3.8394498e+09
1.857900401e+01 3.7808298e+09
1.861616202e+01 3.7937229e+09
1.865339434e+01 3.8595959e+09
1.869070113e+01 3.9029548e+09
1.872808253e+01 3.8298455e+09
1.876553870e+01 3.6130133e+09
1.880306978e+01 4.0073303e+09
1.884067592e+01 3.8045284e+09
1.887835727e+01 3.6818781e+09
1.891611398e+01 3.6922968e+09
1.895394621e+01 3.6534827e+09
1.899185410e+01 3.6397583e+09
1.902983781e+01 3.7546350e+09
1.906789749e+01 3.6327465e+09
1.910603328e+01 3.9022969e+09
1.914424535e+01 3.6297455e+09
1.918253384e+01 3.4413169e+09
1.922089891e+01 3.2352345e+09
1.925934070e+01 3.4937868e+09
1.929785939e+01 3.3696229e+09
1.933645510e+01 3.3543639e+09
1.937512801e+01 3.4642951e+09
1.941387827e+01 3.3018268e+09
1.945270603e+01 3.4113840e+09
1.949161144e+01 3.3884600e+09
1.953059466e+01 3.4478093e+09
1.956965585e+01 3.0988274e+09
1.960879516e+01 3.1676733e+09
1.964801275e+01 3.1729397e+09
1.968730878e+01 3.2437454e+09
1.972668340e+01 3.2329706e+09
1.976613676e+01 3.2964245e+09
1.980566904e+01 3.0353922e+09
1.984528037e+01 3.0331036e+09
1.988497094e+01 3.0250706e+09
1.992474088e+01 3.0852012e+09
1.996459036e+01 3.0653520e+09
