"WAVELENGTH (MICRONS)" "FLUX (ERG/CM2/S/A)"
2.000000000e-01 3.6951749e+04
2.004000000e-01 4.2057627e+04
2.008008000e-01 4.3011074e+04
2.012024016e-01 4.9976637e+04
2.016048064e-01 4.8419087e+04
2.020080160e-01 4.8654212e+04
2.024120320e-01 5.0720898e+04
2.028168561e-01 5.5529898e+04
2.032224898e-01 6.3450203e+04
2.036289348e-01 6.3770034e+04
2.040361927e-01 6.6783065e+04
2.044442651e-01 6.5217636e+04
2.048531536e-01 7.0133060e+04
2.052628599e-01 7.4133255e+04
2.056733856e-01 8.3538373e+04
2.060847324e-01 7.8987936e+04
2.064969019e-01 7.7282266e+04
2.069098957e-01 8.7599512e+04
2.073237154e-01 3.9837427e+05
2.077383629e-01 2.1307513e+05
2.081538396e-01 4.3637711e+05
2.085701473e-01 4.3534046e+05
2.089872876e-01 7.9416256e+05
2.094052622e-01 5.4651485e+05
2.098240727e-01 8.2491234e+05
2.102437208e-01 6.6314346e+05
2.106642083e-01 6.2143322e+05
2.110855367e-01 8.8934612e+05
2.115077078e-01 6.8335343e+05
2.119307232e-01 7.9159964e+05
2.123545846e-01 1.3054237e+06
2.127792938e-01 6.3738922e+05
2.132048524e-01 1.3955083e+06
2.136312621e-01 1.0592074e+06
2.140585246e-01 8.4111832e+05
2.144866417e-01 1.1701588e+06
2.149156149e-01 6.4831427e+05
2.153454462e-01 1.4040056e+06
2.157761371e-01 1.6242478e+06
2.162076893e-01 1.1110350e+06
2.166401047e-01 9.6537938e+05
2.170733849e-01 1.2989301e+06
2.175075317e-01 2.2089572e+06
2.179425468e-01 7.1400580e+05
2.183784318e-01 1.2839830e+06
2.188151887e-01 1.9370081e+06
2.192528191e-01 2.3096144e+06
2.196913247e-01 2.8075682e+06
2.201307074e-01 1.4503373e+06
2.205709688e-01 3.5707839e+06
2.210121107e-01 2.6298243e+06
2.214541349e-01 3.9505589e+06
2.218970432e-01 1.3545423e+06
2.223408373e-01 2.3379828e+06
2.227855190e-01 3.6235996e+06
2.232310900e-01 5.4921396e+06
2.236775522e-01 7.6203466e+06
2.241249073e-01 3.8555665e+06
2.245731571e-01 6.0762801e+06
2.250223034e-01 7.6612270e+06
2.254723480e-01 1.0275455e+07
2.259232927e-01 1.2872699e+06
2.263751393e-01 2.5714074e+06
2.268278896e-01 3.8264254e+06
2.272815454e-01 9.2978256e+06
2.277361085e-01 8.3170874e+06
2.281915807e-01 6.8489599e+06
2.286479638e-01 5.9224323e+06
2.291052598e-01 1.1600683e+07
2.295634703e-01 1.3301238e+07
2.300225972e-01 5.1589035e+06
2.304826424e-01 3.5338452e+06
2.309436077e-01 7.7180257e+06
2.314054949e-01 1.5637025e+07
2.318683059e-01 2.4715436e+07
2.323320425e-01 1.0733450e+07
2.327967066e-01 1.2186563e+07
2.332623000e-01 2.9628862e+07
2.337288246e-01 2.7646615e+07
2.341962823e-01 3.1706767e+07
2.346646748e-01 5.1963555e+06
2.351340042e-01 8.6173077e+06
2.356042722e-01 1.0637270e+07
2.360754807e-01 2.1594814e+07
2.365476317e-01 1.8445079e+07
2.370207270e-01 1.1323687e+07
2.374947684e-01 1.5768297e+07
2.379697580e-01 4.0440009e+07
2.384456975e-01 4.7530856e+07
2.389225889e-01 2.4482708e+07
2.394004340e-01 2.6624374e+07
2.398792349e-01 5.0817542e+07
2.403589934e-01 1.0494981e+08
2.408397114e-01 1.1190550e+08
2.413213908e-01 3.8049068e+07
2.418040336e-01 2.3447188e+07
2.422876416e-01 3.1777301e+07
2.427722169e-01 1.1593764e+08
2.432577614e-01 1.2271961e+08
2.437442769e-01 8.8278899e+07
2.442317654e-01 1.3478734e+08
2.447202290e-01 1.9063925e+08
2.452096694e-01 2.3209562e+08
2.457000888e-01 2.3233933e+08
2.461914889e-01 3.9076696e+07
2.466838719e-01 1.4364911e+08
2.471772397e-01 1.1671878e+08
2.476715941e-01 2.0612626e+08
2.481669373e-01 6.5114382e+07
2.486632712e-01 2.6074121e+07
2.491605977e-01 3.0521177e+07
2.496589189e-01 1.0049143e+08
2.501582368e-01 1.3253527e+08
2.506585533e-01 1.7683915e+08
2.511598704e-01 6.7382332e+07
2.516621901e-01 1.2258610e+08
2.521655145e-01 1.1103733e+08
2.526698455e-01 1.2977575e+08
2.531751852e-01 2.6277226e+08
2.536815356e-01 5.3350308e+08
2.541888986e-01 4.8852704e+08
2.546972764e-01 4.9335780e+08
2.552066710e-01 8.1978850e+08
2.557170843e-01 6.3284576e+08
2.562285185e-01 4.9429485e+08
2.567409755e-01 2.4867821e+08
2.572544575e-01 5.7745503e+08
2.577689664e-01 5.2840677e+08
2.582845043e-01 4.4917474e+08
2.588010734e-01 3.4013254e+08
2.593186755e-01 3.9374347e+08
2.598373128e-01 9.5433670e+08
2.603569875e-01 1.2392969e+09
2.608777014e-01 8.2189528e+08
2.613994569e-01 8.1151903e+08
2.619222558e-01 1.2514259e+09
2.624461003e-01 1.6788157e+09
2.629709925e-01 2.3711650e+09
2.634969345e-01 2.7180639e+09
2.640239283e-01 4.2359252e+09
2.645519762e-01 1.6262428e+09
2.650810801e-01 1.9397677e+09
2.656112423e-01 3.4660077e+09
2.661424648e-01 2.5696688e+09
2.666747497e-01 2.0524731e+09
2.672080992e-01 1.7911453e+09
2.677425154e-01 2.8740347e+09
2.682780004e-01 3.2499622e+09
2.688145564e-01 3.1300651e+09
2.693521856e-01 1.6975416e+09
2.698908899e-01 2.4091381e+09
2.704306717e-01 4.2552547e+09
2.709715331e-01 4.3704211e+09
2.715134761e-01 2.7601627e+09
2.720565031e-01 6.2043354e+08
2.726006161e-01 2.1177783e+09
2.731458173e-01 2.8231782e+09
2.736921089e-01 1.7540139e+09
2.742394932e-01 2.3091428e+09
2.747879721e-01 3.6545584e+09
2.753375481e-01 3.4623831e+09
2.758882232e-01 3.6742174e+09
2.764399996e-01 6.9996556e+09
2.769928796e-01 7.2759349e+09
2.775468654e-01 8.0061599e+09
2.781019591e-01 4.5448693e+09
2.786581630e-01 6.4958919e+09
2.792154794e-01 8.8907007e+09
2.797739103e-01 4.1884097e+09
2.803334581e-01 6.4917411e+09
2.808941251e-01 7.4183524e+09
2.814559133e-01 9.7032711e+09
2.820188251e-01 8.3912749e+09
2.825828628e-01 7.1289047e+09
2.831480285e-01 6.5616699e+09
2.837143246e-01 4.5797547e+09
2.842817532e-01 3.2256345e+09
2.848503167e-01 1.2842279e+09
2.854200174e-01 4.7139039e+08
2.859908574e-01 2.5896885e+09
2.865628391e-01 4.9915214e+09
2.871359648e-01 7.1832195e+09
2.877102367e-01 8.7856140e+09
2.882856572e-01 1.4422191e+10
2.888622285e-01 2.1421907e+10
2.894399530e-01 2.2643773e+10
2.900188329e-01 2.1753391e+10
2.905988705e-01 2.8511427e+10
2.911800683e-01 2.3989630e+10
2.917624284e-01 3.6762611e+10
2.923459533e-01 3.8327648e+10
2.929306452e-01 2.1083021e+10
2.935165065e-01 2.1989852e+10
2.941035395e-01 1.8528175e+10
2.946917466e-01 1.4798850e+10
2.952811301e-01 2.1555283e+10
2.958716923e-01 2.1802265e+10
2.964634357e-01 2.0574865e+10
2.970563626e-01 7.4548010e+09
2.976504753e-01 1.9480742e+10
2.982457762e-01 1.5458466e+10
2.988422678e-01 2.5583157e+10
2.994399523e-01 1.6303724e+10
3.000388322e-01 1.1527132e+10
3.006389099e-01 1.2660904e+10
3.012401877e-01 2.5137530e+10
3.018426681e-01 1.1629845e+10
3.024463534e-01 6.8016281e+09
3.030512461e-01 3.7422774e+10
3.036573486e-01 3.1830037e+10
3.042646633e-01 3.5135197e+10
3.048731927e-01 1.9240633e+10
3.054829390e-01 3.5935189e+10
3.060939049e-01 2.7630694e+10
3.067060927e-01 7.6899233e+10
3.073195049e-01 1.0582228e+11
3.079341439e-01 6.3683404e+10
3.085500122e-01 4.8398042e+10
3.091671122e-01 3.7111672e+10
3.097854465e-01 5.6621620e+10
3.104050174e-01 7.3223773e+10
3.110258274e-01 1.8550006e+11
3.116478790e-01 1.6827726e+11
3.122711748e-01 2.2899969e+11
3.128957172e-01 2.1550380e+11
3.135215086e-01 1.3862121e+11
3.141485516e-01 2.5621810e+11
3.147768487e-01 2.7854336e+11
3.154064024e-01 2.9007738e+11
3.160372152e-01 2.2541872e+11
3.166692896e-01 3.2348580e+11
3.173026282e-01 3.7674480e+11
3.179372335e-01 3.3110919e+11
3.185731079e-01 1.5603552e+11
3.192102542e-01 1.6194069e+11
3.198486747e-01 1.8555484e+11
3.204883720e-01 3.5070373e+11
3.211293488e-01 3.2589701e+11
3.217716075e-01 2.5938720e+11
3.224151507e-01 2.5361897e+11
3.230599810e-01 2.5421298e+11
3.237061009e-01 2.5357437e+11
3.243535131e-01 3.2409084e+11
3.250022202e-01 2.7984539e+11
3.256522246e-01 5.4514844e+11
3.263035291e-01 5.7920000e+11
3.269561361e-01 5.1171790e+11
3.276100484e-01 5.0361160e+11
3.282652685e-01 6.1052767e+11
3.289217990e-01 6.2762261e+11
3.295796426e-01 7.4216426e+11
3.302388019e-01 3.4454790e+11
3.308992795e-01 5.0744099e+11
3.315610781e-01 5.2486500e+11
3.322242002e-01 5.6708013e+11
3.328886486e-01 8.2568134e+11
3.335544259e-01 5.8212059e+11
3.342215348e-01 5.6128300e+11
3.348899778e-01 5.8035769e+11
3.355597578e-01 4.9887025e+11
3.362308773e-01 3.5683015e+11
3.369033391e-01 3.1622644e+11
3.375771457e-01 3.7553512e+11
3.382523000e-01 4.3207662e+11
3.389288046e-01 4.4100902e+11
3.396066622e-01 4.5137801e+11
3.402858756e-01 6.2275796e+11
3.409664473e-01 4.7789152e+11
3.416483802e-01 1.9413005e+11
3.423316770e-01 5.3288523e+11
3.430163403e-01 4.8886246e+11
3.437023730e-01 1.9255789e+11
3.443897778e-01 6.3912521e+10
3.450785573e-01 2.9228591e+11
3.457687144e-01 3.3385410e+11
3.464602519e-01 2.2545275e+11
3.471531724e-01 3.9726611e+11
3.478474787e-01 2.8063300e+11
3.485431737e-01 5.6185202e+11
3.492402600e-01 1.9215134e+11
3.499387405e-01 3.5153657e+11
3.506386180e-01 8.1026687e+11
3.513398952e-01 3.1576346e+11
3.520425750e-01 4.6466989e+11
3.527466602e-01 2.3190552e+11
3.534521535e-01 9.7040915e+11
3.541590578e-01 1.2700953e+12
3.548673759e-01 1.1231616e+12
3.555771107e-01 8.3519361e+11
3.562882649e-01 5.7601907e+11
3.570008414e-01 2.3846540e+11
3.577148431e-01 2.7386029e+11
3.584302728e-01 2.0125109e+11
3.591471333e-01 3.0256225e+11
3.598654276e-01 5.0260841e+11
3.605851585e-01 2.8664429e+11
3.613063288e-01 5.5833695e+11
3.620289414e-01 5.0485653e+11
3.627529993e-01 8.5525466e+11
3.634785053e-01 5.1873921e+11
3.642054623e-01 8.5724314e+11
3.649338733e-01 4.2769877e+11
3.656637410e-01 1.0584775e+12
3.663950685e-01 1.6058568e+12
3.671278586e-01 1.3676865e+12
3.678621143e-01 7.1236902e+11
3.685978386e-01 6.8894999e+11
3.693350342e-01 1.2603568e+12
3.700737043e-01 1.3074985e+12
3.708138517e-01 3.1039000e+11
3.715554794e-01 5.7521642e+11
3.722985904e-01 1.7633084e+11
3.730431876e-01 3.8616193e+11
3.737892739e-01 1.5164741e+11
3.745368525e-01 2.1282687e+11
3.752859262e-01 4.3616471e+11
3.760364980e-01 6.6613273e+11
3.767885710e-01 7.6210733e+11
3.775421482e-01 1.6194055e+12
3.782972325e-01 1.7875509e+12
3.790538269e-01 1.1254826e+12
3.798119346e-01 8.3379439e+11
3.805715585e-01 1.7179197e+12
3.813327016e-01 1.1448487e+12
3.820953670e-01 4.8678098e+11
3.828595577e-01 4.9420076e+11
3.836252768e-01 7.1277768e+11
3.843925274e-01 1.0570562e+12
3.851613124e-01 9.8135489e+11
3.859316351e-01 2.3031631e+11
3.867034983e-01 9.3220845e+11
3.874769053e-01 9.2753192e+11
3.882518591e-01 6.6631602e+11
3.890283629e-01 7.9787597e+11
3.898064196e-01 6.0862731e+11
3.905860324e-01 1.0391427e+12
3.913672045e-01 1.8691710e+12
3.921499389e-01 7.2762197e+11
3.929342388e-01 5.7375873e+11
3.937201073e-01 1.0382807e+12
3.945075475e-01 5.5409867e+11
3.952965626e-01 1.3554490e+12
3.960871557e-01 4.1595880e+11
3.968793300e-01 8.8244453e+11
3.976730887e-01 2.0544719e+12
3.984684348e-01 2.5281024e+12
3.992653717e-01 2.7116581e+12
4.000639025e-01 2.7962831e+12
4.008640303e-01 2.5544336e+12
4.016657583e-01 3.9226953e+12
4.024690898e-01 2.7431984e+12
4.032740280e-01 1.0807531e+12
4.040805761e-01 3.0551141e+12
4.048887372e-01 2.2273276e+12
4.056985147e-01 3.6484200e+12
4.065099117e-01 2.5895464e+12
4.073229316e-01 3.1617589e+12
4.081375774e-01 3.4678900e+12
4.089538526e-01 4.5792687e+12
4.097717603e-01 2.8087745e+12
4.105913038e-01 2.9287980e+12
4.114124864e-01 2.6523324e+12
4.122353114e-01 3.1569362e+12
4.130597820e-01 2.7222740e+12
4.138859016e-01 3.1775056e+12
4.147136734e-01 2.4790563e+12
4.155431007e-01 3.2475387e+12
4.163741869e-01 3.3873390e+12
4.172069353e-01 2.5342281e+12
4.180413492e-01 2.6607727e+12
4.188774319e-01 2.3212872e+12
4.197151867e-01 2.1347088e+12
4.205546171e-01 1.5669964e+12
4.213957263e-01 1.0662814e+12
4.222385178e-01 4.5794745e+11
4.230829948e-01 2.7351181e+11
4.239291608e-01 9.4838809e+11
4.247770191e-01 1.5536034e+12
4.256265732e-01 1.2010235e+12
4.264778263e-01 2.4053041e+12
4.273307820e-01 1.4736917e+12
4.281854435e-01 2.2360413e+12
4.290418144e-01 1.6724726e+12
4.298998980e-01 2.2642223e+12
4.307596978e-01 2.0698270e+12
4.316212172e-01 3.1612733e+12
4.324844597e-01 3.0759178e+12
4.333494286e-01 4.6455624e+12
4.342161275e-01 3.4105607e+12
4.350845597e-01 4.0100773e+12
4.359547288e-01 4.0595784e+12
4.368266383e-01 4.6097039e+12
4.377002916e-01 3.6353924e+12
4.385756921e-01 3.0984313e+12
4.394528435e-01 4.0280446e+12
4.403317492e-01 3.5461314e+12
4.412124127e-01 3.8231051e+12
4.420948375e-01 4.3480709e+12
4.429790272e-01 2.9879221e+12
4.438649853e-01 2.9631594e+12
4.447527152e-01 4.2329932e+12
4.456422207e-01 2.7258571e+12
4.465335051e-01 3.2149398e+12
4.474265721e-01 4.1845350e+12
4.483214253e-01 4.2378327e+12
4.492180681e-01 4.4558279e+12
4.501165043e-01 4.8926858e+12
4.510167373e-01 3.8413931e+12
4.519187707e-01 4.4615895e+12
4.528226083e-01 3.9155482e+12
4.537282535e-01 3.9053394e+12
4.546357100e-01 4.4307620e+12
4.555449814e-01 4.2402425e+12
4.564560714e-01 5.2895526e+12
4.573689835e-01 5.5807047e+12
4.582837215e-01 3.8574481e+12
4.592002889e-01 2.8915470e+12
4.601186895e-01 3.3971472e+12
4.610389269e-01 3.6471890e+12
4.619610047e-01 4.8117503e+12
4.628849268e-01 3.3013915e+12
4.638106966e-01 2.9923261e+12
4.647383180e-01 3.5091662e+12
4.656677946e-01 3.8842722e+12
4.665991302e-01 4.1963669e+12
4.675323285e-01 3.1101886e+12
4.684673931e-01 3.3077675e+12
4.694043279e-01 4.2465268e+12
4.703431366e-01 4.7582669e+12
4.712838229e-01 4.1081033e+12
4.722263905e-01 3.7587235e+12
4.731708433e-01 4.2495701e+12
4.741171850e-01 4.3685585e+12
4.750654193e-01 4.7040159e+12
4.760155502e-01 3.4280195e+12
4.769675813e-01 1.8736927e+12
4.779215164e-01 2.4917359e+12
4.788773595e-01 2.7361773e+12
4.798351142e-01 3.6028403e+12
4.807947844e-01 2.3765095e+12
4.817563740e-01 2.5187603e+12
4.827198867e-01 2.9972090e+12
4.836853265e-01 3.6326024e+12
4.846526972e-01 4.0653050e+12
4.856220026e-01 3.2001950e+12
4.865932466e-01 4.2647192e+12
4.875664331e-01 4.3215529e+12
4.885415659e-01 5.4668496e+12
4.895186491e-01 5.3471484e+12
4.904976864e-01 5.4799233e+12
4.914786817e-01 6.2752744e+12
4.924616391e-01 6.5278865e+12
4.934465624e-01 7.8185831e+12
4.944334555e-01 7.2106452e+12
4.954223224e-01 5.2400094e+12
4.964131671e-01 2.1287959e+12
4.974059934e-01 2.9235091e+12
4.984008054e-01 3.2880254e+12
4.993976070e-01 3.6399045e+12
5.003964022e-01 2.5180363e+12
5.013971950e-01 2.3833817e+12
5.023999894e-01 2.9641312e+12
5.034047894e-01 3.8801024e+12
5.044115990e-01 3.7885745e+12
5.054204221e-01 3.6794430e+12
5.064312630e-01 3.8131486e+12
5.074441255e-01 4.5871501e+12
5.084590138e-01 5.0062096e+12
5.094759318e-01 4.5135127e+12
5.104948837e-01 5.0615626e+12
5.115158734e-01 5.7194814e+12
5.125389052e-01 5.0567597e+12
5.135639830e-01 6.4449548e+12
5.145911110e-01 5.2679388e+12
5.156202932e-01 5.6429832e+12
5.166515338e-01 5.6628385e+12
5.176848368e-01 1.8426991e+12
5.187202065e-01 2.7147920e+12
5.197576469e-01 3.7149195e+12
5.207971622e-01 2.8491656e+12
5.218387565e-01 6.6257450e+12
5.228824340e-01 6.8781509e+12
5.239281989e-01 7.0903572e+12
5.249760553e-01 6.3836187e+12
5.260260074e-01 7.2264998e+12
5.270780594e-01 5.2934616e+12
5.281322156e-01 8.0175198e+12
5.291884800e-01 9.3480681e+12
5.302468569e-01 9.0804769e+12
5.313073507e-01 8.6507745e+12
5.323699654e-01 8.3212091e+12
5.334347053e-01 8.0044922e+12
5.345015747e-01 8.7670136e+12
5.355705779e-01 9.8468226e+12
5.366417190e-01 8.5302514e+12
5.377150024e-01 8.9247902e+12
5.387904325e-01 1.0528462e+13
5.398680133e-01 9.1819752e+12
5.409477493e-01 8.5877546e+12
5.420296448e-01 1.0919738e+13
5.431137041e-01 9.0754500e+12
5.441999315e-01 1.1441501e+13
5.452883314e-01 4.4885556e+12
5.463789081e-01 5.3726384e+12
5.474716659e-01 6.2400774e+12
5.485666092e-01 7.3532179e+12
5.496637424e-01 6.8981141e+12
5.507630699e-01 5.8530370e+12
5.518645961e-01 6.8332095e+12
5.529683252e-01 7.9097405e+12
5.540742619e-01 8.5193340e+12
5.551824104e-01 8.6657475e+12
5.562927752e-01 9.2005816e+12
5.574053608e-01 8.9788607e+12
5.585201715e-01 8.5877726e+12
5.596372119e-01 7.0144743e+12
5.607564863e-01 6.3639539e+12
5.618779993e-01 6.1272820e+12
5.630017553e-01 6.5745991e+12
5.641277588e-01 6.3917412e+12
5.652560143e-01 7.9068627e+12
5.663865263e-01 7.0707207e+12
5.675192994e-01 7.4198360e+12
5.686543380e-01 7.8692262e+12
5.697916466e-01 8.9221301e+12
5.709312299e-01 8.6894175e+12
5.720730924e-01 9.7710095e+12
5.732172386e-01 1.0077331e+13
5.743636731e-01 1.1284229e+13
5.755124004e-01 1.1000557e+13
5.766634252e-01 8.3958116e+12
5.778167520e-01 9.6933010e+12
5.789723856e-01 1.0420242e+13
5.801303303e-01 1.1147173e+13
5.812905910e-01 9.5608884e+12
5.824531722e-01 9.6161111e+12
5.836180785e-01 9.7827447e+12
5.847853147e-01 8.4384772e+12
5.859548853e-01 6.6991935e+12
5.871267951e-01 5.6255391e+12
5.883010487e-01 3.8061999e+12
5.894776508e-01 1.7816247e+12
5.906566061e-01 3.8020745e+12
5.918379193e-01 4.7763156e+12
5.930215951e-01 5.3469396e+12
5.942076383e-01 6.2172380e+12
5.953960536e-01 5.8963186e+12
5.965868457e-01 6.3839421e+12
5.977800194e-01 6.9266382e+12
5.989755794e-01 7.9705784e+12
6.001735306e-01 7.9188788e+12
6.013738776e-01 8.7078547e+12
6.025766254e-01 9.7218382e+12
6.037817786e-01 1.0574613e+13
6.049893422e-01 1.0991694e+13
6.061993209e-01 1.1761758e+13
6.074117195e-01 1.3151320e+13
6.086265430e-01 1.3806214e+13
6.098437960e-01 1.3068346e+13
6.110634836e-01 1.2979879e+13
6.122856106e-01 1.2569334e+13
6.135101818e-01 1.4802754e+13
6.147372022e-01 1.4878026e+13
6.159666766e-01 8.8952363e+12
6.171986099e-01 6.7412863e+12
6.184330072e-01 7.1676591e+12
6.196698732e-01 5.8281996e+12
6.209092129e-01 6.9024875e+12
6.221510314e-01 5.0214690e+12
6.233953334e-01 5.0358928e+12
6.246421241e-01 5.6673584e+12
6.258914083e-01 6.5484462e+12
6.271431911e-01 7.4208421e+12
6.283974775e-01 7.3968176e+12
6.296542725e-01 7.9762139e+12
6.309135810e-01 8.9644858e+12
6.321754082e-01 9.4251262e+12
6.334397590e-01 9.7615939e+12
6.347066385e-01 1.1395966e+13
6.359760518e-01 9.0770526e+12
6.372480039e-01 9.2668221e+12
6.385224999e-01 8.5463994e+12
6.397995449e-01 9.0474171e+12
6.410791440e-01 1.1540310e+13
6.423613023e-01 1.0710444e+13
6.436460249e-01 1.0718218e+13
6.449333169e-01 1.2304174e+13
6.462231836e-01 1.2134836e+13
6.475156299e-01 1.4624171e+13
6.488106612e-01 1.2554837e+13
6.501082825e-01 1.2916492e+13
6.514084991e-01 1.5214247e+13
6.527113161e-01 1.6076092e+13
6.540167387e-01 1.7332817e+13
6.553247722e-01 1.4724633e+13
6.566354217e-01 1.5472986e+13
6.579486926e-01 1.4338043e+13
6.592645900e-01 1.5698283e+13
6.605831192e-01 1.5248156e+13
6.619042854e-01 1.4407817e+13
6.632280940e-01 1.3943631e+13
6.645545502e-01 1.3814677e+13
6.658836593e-01 9.8362646e+12
6.672154266e-01 1.1713203e+13
6.685498574e-01 8.6167585e+12
6.698869571e-01 9.4403924e+12
6.712267311e-01 8.5121494e+12
6.725691845e-01 6.7175914e+12
6.739143229e-01 7.9403565e+12
6.752621515e-01 7.3914630e+12
6.766126758e-01 8.4450495e+12
6.779659012e-01 8.7418937e+12
6.793218330e-01 7.4527328e+12
6.806804767e-01 8.4264655e+12
6.820418376e-01 8.4007256e+12
6.834059213e-01 9.0815161e+12
6.847727331e-01 9.0916349e+12
6.861422786e-01 8.1193623e+12
6.875145631e-01 9.1488788e+12
6.888895923e-01 9.1982401e+12
6.902673715e-01 9.9489911e+12
6.916479062e-01 1.1164672e+13
6.930312020e-01 1.2395039e+13
6.944172644e-01 1.3969983e+13
6.958060989e-01 1.5121284e+13
6.971977111e-01 1.6092389e+13
6.985921066e-01 1.6958132e+13
6.999892908e-01 1.7084377e+13
7.013892694e-01 1.8781042e+13
7.027920479e-01 2.1190205e+13
7.041976320e-01 2.4302513e+13
7.056060273e-01 1.8608087e+13
7.070172393e-01 1.3306755e+13
7.084312738e-01 1.4323644e+13
7.098481363e-01 8.8438343e+12
7.112678326e-01 1.1792198e+13
7.126903683e-01 9.8641485e+12
7.141157490e-01 7.3064374e+12
7.155439805e-01 8.8859368e+12
7.169750685e-01 9.6309469e+12
7.184090186e-01 1.2022623e+13
7.198458367e-01 1.1623341e+13
7.212855283e-01 1.1248880e+13
7.227280994e-01 1.3621466e+13
7.241735556e-01 1.5354132e+13
7.256219027e-01 1.8446604e+13
7.270731465e-01 1.9152906e+13
7.285272928e-01 2.0452398e+13
7.299843474e-01 2.2916716e+13
7.314443161e-01 2.4953043e+13
7.329072047e-01 2.5726957e+13
7.343730191e-01 2.7782671e+13
7.358417651e-01 2.8940802e+13
7.373134487e-01 3.1132415e+13
7.387880756e-01 3.1839336e+13
7.402656517e-01 3.2622566e+13
7.417461830e-01 3.2835310e+13
7.432296754e-01 3.3828408e+13
7.447161347e-01 3.3533298e+13
7.462055670e-01 3.3764592e+13
7.476979782e-01 3.4994668e+13
7.491933741e-01 3.4068469e+13
7.506917609e-01 3.5041539e+13
7.521931444e-01 3.5398788e+13
7.536975307e-01 3.5556771e+13
7.552049257e-01 3.6826182e+13
7.567153356e-01 3.6500311e+13
7.582287663e-01 3.6627069e+13
7.597452238e-01 2.8704157e+13
7.612647142e-01 3.0003322e+13
7.627872437e-01 2.8622628e+13
7.643128181e-01 2.5643085e+13
7.658414438e-01 2.3462532e+13
7.673731267e-01 1.6260797e+13
7.689078729e-01 2.0471178e+13
7.704456887e-01 1.7116509e+13
7.719865800e-01 2.1821925e+13
7.735305532e-01 2.5236844e+13
7.750776143e-01 2.2131864e+13
7.766277695e-01 2.1940756e+13
7.781810251e-01 2.2969280e+13
7.797373871e-01 2.3578944e+13
7.812968619e-01 2.6615870e+13
7.828594556e-01 2.4471459e+13
7.844251745e-01 2.4839059e+13
7.859940249e-01 2.6773880e+13
7.875660129e-01 2.7801056e+13
7.891411450e-01 2.9963888e+13
7.907194273e-01 2.9354478e+13
7.923008661e-01 2.9460239e+13
7.938854678e-01 3.1064572e+13
7.954732388e-01 3.1861596e+13
7.970641853e-01 3.4061420e+13
7.986583136e-01 3.3704712e+13
8.002556303e-01 3.4341990e+13
8.018561415e-01 3.5833223e+13
8.034598538e-01 3.6428155e+13
8.050667735e-01 3.7011014e+13
8.066769071e-01 3.7553839e+13
8.082902609e-01 3.8474535e+13
8.099068414e-01 3.9510257e+13
8.115266551e-01 3.9198421e+13
8.131497084e-01 4.0468747e+13
8.147760078e-01 4.1598838e+13
8.164055598e-01 4.1173673e+13
8.180383709e-01 3.5301321e+13
8.196744477e-01 3.1161311e+13
8.213137966e-01 3.6907538e+13
8.229564242e-01 3.9005755e+13
8.246023370e-01 3.9866850e+13
8.262515417e-01 3.9618010e+13
8.279040448e-01 3.7498202e+13
8.295598529e-01 3.7416058e+13
8.312189726e-01 3.7108866e+13
8.328814105e-01 3.7240550e+13
8.345471733e-01 3.7223536e+13
8.362162677e-01 3.6773773e+13
8.378887002e-01 3.6101461e+13
8.395644776e-01 3.5711472e+13
8.412436066e-01 3.7358451e+13
8.429260938e-01 3.4208930e+13
8.446119460e-01 3.0025428e+13
8.463011699e-01 2.6454863e+13
8.479937722e-01 2.8076318e+13
8.496897597e-01 2.9356578e+13
8.513891393e-01 2.8539632e+13
8.530919175e-01 2.9741266e+13
8.547981014e-01 3.0589239e+13
8.565076976e-01 3.2753671e+13
8.582207130e-01 3.3313112e+13
8.599371544e-01 3.4079449e+13
8.616570287e-01 3.5227017e+13
8.633803428e-01 3.6568329e+13
8.651071035e-01 3.6923667e+13
8.668373177e-01 3.6069204e+13
8.685709923e-01 3.6029323e+13
8.703081343e-01 3.5032095e+13
8.720487505e-01 3.4885092e+13
8.737928480e-01 3.7060982e+13
8.755404337e-01 3.8421953e+13
8.772915146e-01 3.9178985e+13
8.790460976e-01 4.0616294e+13
8.808041898e-01 3.8806579e+13
8.825657982e-01 4.0168791e+13
8.843309298e-01 4.1521653e+13
8.860995917e-01 3.6732567e+13
8.878717909e-01 3.1778760e+13
8.896475344e-01 3.3643886e+13
8.914268295e-01 3.5964797e+13
8.932096832e-01 3.6061504e+13
8.949961025e-01 3.4801283e+13
8.967860947e-01 3.5794449e+13
8.985796669e-01 3.7354568e+13
9.003768263e-01 3.7764845e+13
9.021775799e-01 3.6934015e+13
9.039819351e-01 3.8624788e+13
9.057898989e-01 3.8559061e+13
9.076014787e-01 3.9646189e+13
9.094166817e-01 3.9605777e+13
9.112355151e-01 4.1276625e+13
9.130579861e-01 4.1814771e+13
9.148841021e-01 4.1749884e+13
9.167138703e-01 4.2942263e+13
9.185472980e-01 4.3222326e+13
9.203843926e-01 4.2273289e+13
9.222251614e-01 4.1039251e+13
9.240696117e-01 3.9741357e+13
9.259177509e-01 3.9893630e+13
9.277695864e-01 4.0178800e+13
9.296251256e-01 3.8467602e+13
9.314843759e-01 3.8607550e+13
9.333473446e-01 3.9106722e+13
9.352140393e-01 3.9310751e+13
9.370844674e-01 3.8770873e+13
9.389586363e-01 3.8877333e+13
9.408365536e-01 3.9758947e+13
9.427182267e-01 4.0309727e+13
9.446036631e-01 3.9998467e+13
9.464928705e-01 4.0224667e+13
9.483858562e-01 4.1479465e+13
9.502826279e-01 4.1409250e+13
9.521831932e-01 4.1534222e+13
9.540875596e-01 4.1349681e+13
9.559957347e-01 4.2274516e+13
9.579077262e-01 4.2854759e+13
9.598235416e-01 4.1444136e+13
9.617431887e-01 4.3069401e+13
9.636666751e-01 4.1371184e+13
9.655940084e-01 4.2190763e+13
9.675251964e-01 4.1946026e+13
9.694602468e-01 4.2723670e+13
9.713991673e-01 4.1777703e+13
9.733419657e-01 4.1025705e+13
9.752886496e-01 4.1086484e+13
9.772392269e-01 4.1674042e+13
9.791937053e-01 4.0413277e+13
9.811520928e-01 4.2033786e+13
9.831143969e-01 4.1278295e+13
9.850806257e-01 4.2076757e+13
9.870507870e-01 4.2186060e+13
9.890248886e-01 4.1263539e+13
9.910029383e-01 2.7355207e+13
9.929849442e-01 2.8759122e+13
9.949709141e-01 3.3865965e+13
9.969608559e-01 3.3279070e+13
9.989547776e-01 3.3059852e+13
1.000952687e+00 3.4641288e+13
1.002954593e+00 3.5442978e+13
1.004960502e+00 3.3611913e+13
1.006970423e+00 3.4372947e+13
1.008984364e+00 3.6545202e+13
1.011002332e+00 3.6754848e+13
1.013024337e+00 3.6482426e+13
1.015050386e+00 3.6488077e+13
1.017080486e+00 3.6670880e+13
1.019114647e+00 3.5142418e+13
1.021152877e+00 3.7238306e+13
1.023195182e+00 3.6530747e+13
1.025241573e+00 3.6267420e+13
1.027292056e+00 3.2887547e+13
1.029346640e+00 3.4161988e+13
1.031405333e+00 3.6265756e+13
1.033468144e+00 3.5208160e+13
1.035535080e+00 3.5858327e+13
1.037606150e+00 3.7036444e+13
1.039681363e+00 3.6851787e+13
1.041760726e+00 3.7151933e+13
1.043844247e+00 3.6316704e+13
1.045931935e+00 3.9846461e+13
1.048023799e+00 3.6077244e+13
1.050119847e+00 3.9202491e+13
1.052220087e+00 3.5893464e+13
1.054324527e+00 3.9465026e+13
1.056433176e+00 3.6271854e+13
1.058546042e+00 3.9600140e+13
1.060663134e+00 3.9054734e+13
1.062784461e+00 3.8408372e+13
1.064910029e+00 3.9504025e+13
1.067039850e+00 3.7618339e+13
1.069173929e+00 3.9696752e+13
1.071312277e+00 4.0131814e+13
1.073454902e+00 3.9348346e+13
1.075601811e+00 4.0533916e+13
1.077753015e+00 4.1197451e+13
1.079908521e+00 4.0832095e+13
1.082068338e+00 4.0535454e+13
1.084232475e+00 4.1128899e+13
1.086400940e+00 4.0964045e+13
1.088573742e+00 4.1451624e+13
1.090750889e+00 4.0949237e+13
1.092932391e+00 4.1308024e+13
1.095118256e+00 4.1443577e+13
1.097308492e+00 4.0497395e+13
1.099503109e+00 4.0759312e+13
1.101702115e+00 4.0531180e+13
1.103905520e+00 3.9715287e+13
1.106113331e+00 3.9917363e+13
1.108325557e+00 3.9961036e+13
1.110542208e+00 3.9880911e+13
1.112763293e+00 3.9817111e+13
1.114988819e+00 4.0164559e+13
1.117218797e+00 4.0344736e+13
1.119453235e+00 3.9969713e+13
1.121692141e+00 3.9839669e+13
1.123935525e+00 4.0512390e+13
1.126183396e+00 3.9812029e+13
1.128435763e+00 4.0054708e+13
1.130692635e+00 4.0052335e+13
1.132954020e+00 4.0516290e+13
1.135219928e+00 3.9816417e+13
1.137490368e+00 3.6811564e+13
1.139765349e+00 3.5451246e+13
1.142044879e+00 3.8669946e+13
1.144328969e+00 3.9632329e+13
1.146617627e+00 3.9791816e+13
1.148910862e+00 3.9927326e+13
1.151208684e+00 4.0361397e+13
1.153511101e+00 3.9940354e+13
1.155818124e+00 3.9906350e+13
1.158129760e+00 4.0036109e+13
1.160446019e+00 3.8452430e+13
1.162766911e+00 3.9904400e+13
1.165092445e+00 3.9142099e+13
1.167422630e+00 3.9917494e+13
1.169757475e+00 3.7721359e+13
1.172096990e+00 3.9773157e+13
1.174441184e+00 3.9361025e+13
1.176790067e+00 3.6272735e+13
1.179143647e+00 3.8470305e+13
1.181501934e+00 3.9362848e+13
1.183864938e+00 3.8601271e+13
1.186232668e+00 3.9187690e+13
1.188605133e+00 3.7567464e+13
1.190982344e+00 3.9206931e+13
1.193364308e+00 3.8962510e+13
1.195751037e+00 3.7548586e+13
1.198142539e+00 3.6324754e+13
1.200538824e+00 3.7507392e+13
1.202939902e+00 3.8041113e+13
1.205345781e+00 3.8448682e+13
1.207756473e+00 3.7956185e+13
1.210171986e+00 3.7811398e+13
1.212592330e+00 3.7950309e+13
1.215017515e+00 3.8542072e+13
1.217447550e+00 3.8557021e+13
1.219882445e+00 3.8000652e+13
1.222322210e+00 3.8045699e+13
1.224766854e+00 3.8155859e+13
1.227216388e+00 3.8367332e+13
1.229670820e+00 3.8158062e+13
1.232130162e+00 3.7651688e+13
1.234594422e+00 3.7765106e+13
1.237063611e+00 3.7649097e+13
1.239537739e+00 3.7150941e+13
1.242016814e+00 3.5955445e+13
1.244500848e+00 3.5597725e+13
1.246989849e+00 3.6791241e+13
1.249483829e+00 3.6873422e+13
1.251982797e+00 3.4742163e+13
1.254486762e+00 3.6726597e+13
1.256995736e+00 3.6650549e+13
1.259509727e+00 3.6727281e+13
1.262028747e+00 3.6689726e+13
1.264552804e+00 3.6510020e+13
1.267081910e+00 3.5966592e+13
1.269616074e+00 3.6616450e+13
1.272155306e+00 3.7001591e+13
1.274699616e+00 3.6208660e+13
1.277249016e+00 3.6640622e+13
1.279803514e+00 3.6714993e+13
1.282363121e+00 3.5473774e+13
1.284927847e+00 3.5986931e+13
1.287497703e+00 3.5761795e+13
1.290072698e+00 3.5138606e+13
1.292652843e+00 3.5509965e+13
1.295238149e+00 3.5820117e+13
1.297828625e+00 3.5859311e+13
1.300424283e+00 3.5607712e+13
1.303025131e+00 3.5869223e+13
1.305631181e+00 3.5790577e+13
1.308242444e+00 3.5225211e+13
1.310858929e+00 3.5551252e+13
1.313480647e+00 3.3591521e+13
1.316107608e+00 3.4449111e+13
1.318739823e+00 3.5597604e+13
1.321377303e+00 3.4762473e+13
1.324020057e+00 3.4988604e+13
1.326668097e+00 3.4496784e+13
1.329321434e+00 3.4006497e+13
1.331980077e+00 3.2750335e+13
1.334644037e+00 3.1005719e+13
1.337313325e+00 3.0715767e+13
1.339987951e+00 3.1350194e+13
1.342667927e+00 3.0349851e+13
1.345353263e+00 3.0776797e+13
1.348043970e+00 3.0578313e+13
1.350740058e+00 3.0322195e+13
1.353441538e+00 3.0290130e+13
1.356148421e+00 3.0498668e+13
1.358860718e+00 3.0377215e+13
1.361578439e+00 2.9831271e+13
1.364301596e+00 3.0026152e+13
1.367030199e+00 3.0493325e+13
1.369764260e+00 3.0277142e+13
1.372503788e+00 3.0443306e+13
1.375248796e+00 3.0657594e+13
1.377999293e+00 3.0489715e+13
1.380755292e+00 3.0946336e+13
1.383516802e+00 3.0070572e+13
1.386283836e+00 3.0190292e+13
1.389056404e+00 2.9504933e+13
1.391834517e+00 2.7680543e+13
1.394618186e+00 2.8531682e+13
1.397407422e+00 2.8268886e+13
1.400202237e+00 2.8089296e+13
1.403002641e+00 2.8923830e+13
1.405808647e+00 2.8390392e+13
1.408620264e+00 2.8058785e+13
1.411437504e+00 2.7423456e+13
1.414260379e+00 2.7689121e+13
1.417088900e+00 2.7099506e+13
1.419923078e+00 2.7451218e+13
1.422762924e+00 2.6904299e+13
1.425608450e+00 2.7078319e+13
1.428459667e+00 2.6746829e+13
1.431316586e+00 2.7464900e+13
1.434179219e+00 2.6840397e+13
1.437047578e+00 2.6967803e+13
1.439921673e+00 2.6665170e+13
1.442801516e+00 2.7340580e+13
1.445687119e+00 2.6702052e+13
1.448578494e+00 2.7119445e+13
1.451475651e+00 2.6810638e+13
1.454378602e+00 2.7117287e+13
1.457287359e+00 2.6439566e+13
1.460201934e+00 2.6406593e+13
1.463122338e+00 2.5730909e+13
1.466048582e+00 2.6272887e+13
1.468980679e+00 2.5196710e+13
1.471918641e+00 2.6211824e+13
1.474862478e+00 2.5731160e+13
1.477812203e+00 2.5593587e+13
1.480767827e+00 2.5314627e+13
1.483729363e+00 2.6031714e+13
1.486696822e+00 2.6061999e+13
1.489670215e+00 2.5140597e+13
1.492649556e+00 2.6119337e+13
1.495634855e+00 2.5956206e+13
1.498626125e+00 2.6218572e+13
1.501623377e+00 2.4856403e+13
1.504626624e+00 2.5641341e+13
1.507635877e+00 2.5759087e+13
1.510651149e+00 2.6069578e+13
1.513672451e+00 2.5666691e+13
1.516699796e+00 2.4765254e+13
1.519733196e+00 2.6091173e+13
1.522772662e+00 2.6304520e+13
1.525818207e+00 2.5375707e+13
1.528869844e+00 2.5639687e+13
1.531927583e+00 2.5474655e+13
1.534991438e+00 2.5952414e+13
1.538061421e+00 2.5359563e+13
1.541137544e+00 2.4730713e+13
1.544219819e+00 2.5484142e+13
1.547308259e+00 2.5514949e+13
1.550402875e+00 2.5353753e+13
1.553503681e+00 2.5406587e+13
1.556610689e+00 2.4998221e+13
1.559723910e+00 2.5526733e+13
1.562843358e+00 2.5678884e+13
1.565969044e+00 2.5323507e+13
1.569100983e+00 2.5729591e+13
1.572239185e+00 2.5098397e+13
1.575383663e+00 2.5468391e+13
1.578534430e+00 2.5555686e+13
1.581691499e+00 2.5947861e+13
1.584854882e+00 2.5675680e+13
1.588024592e+00 2.5650214e+13
1.591200641e+00 2.5014694e+13
1.594383042e+00 2.5985442e+13
1.597571808e+00 2.6023059e+13
1.600766952e+00 2.5903998e+13
1.603968486e+00 2.5629971e+13
1.607176423e+00 2.4894107e+13
1.610390776e+00 2.5959856e+13
1.613611557e+00 2.5608509e+13
1.616838780e+00 2.5362472e+13
1.620072458e+00 2.4426493e+13
1.623312603e+00 2.5365530e+13
1.626559228e+00 2.5059197e+13
1.629812347e+00 2.5849814e+13
1.633071971e+00 2.5648883e+13
1.636338115e+00 2.5002917e+13
1.639610791e+00 2.5594293e+13
1.642890013e+00 2.5701105e+13
1.646175793e+00 2.4975731e+13
1.649468145e+00 2.5690911e+13
1.652767081e+00 2.5091441e+13
1.656072615e+00 2.5890132e+13
1.659384760e+00 2.5396816e+13
1.662703530e+00 2.5476266e+13
1.666028937e+00 2.4976879e+13
1.669360995e+00 2.5312057e+13
1.672699717e+00 2.4327650e+13
1.676045116e+00 2.4301306e+13
1.679397206e+00 2.5366120e+13
1.682756001e+00 2.5280826e+13
1.686121513e+00 2.4769947e+13
1.689493756e+00 2.3815195e+13
1.692872743e+00 2.4623412e+13
1.696258489e+00 2.4377254e+13
1.699651006e+00 2.4286807e+13
1.703050308e+00 2.4194164e+13
1.706456408e+00 2.3395849e+13
1.709869321e+00 2.2313235e+13
1.713289060e+00 2.2973457e+13
1.716715638e+00 2.2577484e+13
1.720149069e+00 2.2247363e+13
1.723589367e+00 2.2095429e+13
1.727036546e+00 2.2143868e+13
1.730490619e+00 2.1596058e+13
1.733951600e+00 2.1113075e+13
1.737419504e+00 2.1467980e+13
1.740894343e+00 2.0951802e+13
1.744376131e+00 2.0757963e+13
1.747864884e+00 2.0713864e+13
1.751360613e+00 2.0305914e+13
1.754863335e+00 1.9483312e+13
1.758373061e+00 1.9528326e+13
1.761889807e+00 1.9217905e+13
1.765413587e+00 1.9649649e+13
1.768944414e+00 1.8890470e+13
1.772482303e+00 1.8709905e+13
1.776027268e+00 1.8178607e+13
1.779579322e+00 1.8120724e+13
1.783138481e+00 1.7962346e+13
1.786704758e+00 1.7300179e+13
1.790278167e+00 1.7592340e+13
1.793858724e+00 1.7406663e+13
1.797446441e+00 1.7523868e+13
1.801041334e+00 1.6446853e+13
1.804643417e+00 1.6700015e+13
1.808252703e+00 1.6937913e+13
1.811869209e+00 1.6269186e+13
1.815492947e+00 1.7025328e+13
1.819123933e+00 1.6128057e+13
1.822762181e+00 1.6618960e+13
1.826407705e+00 1.5870891e+13
1.830060521e+00 1.6460632e+13
1.833720642e+00 1.5968157e+13
1.837388083e+00 1.6025465e+13
1.841062859e+00 1.5630309e+13
1.844744985e+00 1.5093529e+13
1.848434475e+00 1.4337540e+13
1.852131344e+00 1.5235158e+13
1.855835607e+00 1.4745678e+13
1.859547278e+00 1.3721725e+13
1.863266372e+00 1.4703027e+13
1.866992905e+00 1.4619017e+13
1.870726891e+00 1.4969497e+13
1.874468345e+00 1.4349354e+13
1.878217281e+00 1.4140477e+13
1.881973716e+00 1.5013408e+13
1.885737663e+00 1.4600007e+13
1.889509139e+00 1.4768751e+13
1.893288157e+00 1.3883625e+13
1.897074733e+00 1.4616431e+13
1.900868883e+00 1.4939068e+13
1.904670621e+00 1.4327835e+13
1.908479962e+00 1.4494761e+13
1.912296922e+00 1.4418834e+13
1.916121516e+00 1.4340661e+13
1.919953759e+00 1.4327576e+13
1.923793666e+00 1.4145872e+13
1.927641253e+00 1.4095806e+13
1.931496536e+00 1.2584267e+13
1.935359529e+00 1.4000822e+13
1.939230248e+00 1.3615005e+13
1.943108709e+00 1.3236800e+13
1.946994926e+00 1.2099392e+13
1.950888916e+00 1.2463756e+13
1.954790694e+00 1.3214701e+13
1.958700275e+00 1.4016294e+13
1.962617676e+00 1.3418774e+13
1.966542911e+00 1.3427049e+13
1.970475997e+00 1.3501745e+13
1.974416949e+00 1.2695972e+13
1.978365783e+00 1.1031120e+13
1.982322514e+00 1.2397215e+13
1.986287159e+00 1.1721333e+13
1.990259734e+00 1.2310773e+13
1.994240253e+00 1.2446315e+13
1.998228734e+00 1.2319402e+13
2.002225191e+00 1.2793914e+13
2.006229641e+00 1.2682159e+13
2.010242101e+00 1.2308813e+13
2.014262585e+00 1.2363600e+13
2.018291110e+00 1.2159158e+13
2.022327692e+00 1.2559372e+13
2.026372348e+00 1.2059799e+13
2.030425092e+00 1.2200564e+13
2.034485943e+00 1.2070763e+13
2.038554914e+00 1.2252618e+13
2.042632024e+00 1.2122787e+13
2.046717288e+00 1.2032738e+13
2.050810723e+00 1.1916552e+13
2.054912344e+00 1.1935558e+13
2.059022169e+00 1.2050729e+13
2.063140213e+00 1.1664516e+13
2.067266494e+00 1.1806108e+13
2.071401027e+00 1.1939957e+13
2.075543829e+00 1.1705891e+13
2.079694917e+00 1.1730080e+13
2.083854306e+00 1.1689301e+13
2.088022015e+00 1.1605210e+13
2.092198059e+00 1.1860697e+13
2.096382455e+00 1.1619905e+13
2.100575220e+00 1.1615186e+13
2.104776370e+00 1.1737942e+13
2.108985923e+00 1.1629420e+13
2.113203895e+00 1.1575395e+13
2.117430303e+00 1.1500815e+13
2.121665163e+00 1.1619736e+13
2.125908494e+00 1.1576916e+13
2.130160311e+00 1.1572061e+13
2.134420631e+00 1.1589989e+13
2.138689473e+00 1.1442018e+13
2.142966852e+00 1.1624662e+13
2.147252785e+00 1.1587561e+13
2.151547291e+00 1.1404743e+13
2.155850385e+00 1.1585575e+13
2.160162086e+00 1.1550215e+13
2.164482410e+00 1.1480659e+13
2.168811375e+00 1.1570956e+13
2.173148998e+00 1.1478941e+13
2.177495296e+00 1.1293041e+13
2.181850287e+00 1.1399902e+13
2.186213987e+00 1.1425796e+13
2.190586415e+00 1.1354003e+13
2.194967588e+00 1.1366923e+13
2.199357523e+00 1.1360215e+13
2.203756238e+00 1.1086702e+13
2.208163751e+00 1.0457325e+13
2.212580078e+00 1.1270528e+13
2.217005238e+00 1.1266352e+13
2.221439249e+00 1.1127340e+13
2.225882127e+00 1.1190911e+13
2.230333892e+00 1.1163487e+13
2.234794559e+00 1.1067215e+13
2.239264148e+00 1.1176981e+13
2.243742677e+00 1.1068700e+13
2.248230162e+00 1.1046136e+13
2.252726622e+00 1.1038222e+13
2.257232076e+00 1.0952365e+13
2.261746540e+00 1.0521361e+13
2.266270033e+00 1.0601533e+13
2.270802573e+00 1.0781377e+13
2.275344178e+00 1.0846522e+13
2.279894866e+00 1.0719553e+13
2.284454656e+00 1.0667478e+13
2.289023566e+00 1.0727501e+13
2.293601613e+00 9.6919444e+12
2.298188816e+00 9.8311920e+12
2.302785193e+00 9.9330481e+12
2.307390764e+00 9.9764282e+12
2.312005545e+00 9.8942839e+12
2.316629556e+00 9.8859873e+12
2.321262816e+00 9.4318665e+12
2.325905341e+00 9.0848570e+12
2.330557152e+00 9.2647265e+12
2.335218266e+00 9.1332902e+12
2.339888703e+00 9.0120755e+12
2.344568480e+00 9.2703403e+12
2.349257617e+00 9.2626975e+12
2.353956132e+00 8.3756608e+12
2.358664045e+00 8.7470808e+12
2.363381373e+00 8.7899294e+12
2.368108135e+00 8.8368281e+12
2.372844352e+00 8.8832241e+12
2.377590040e+00 8.6790876e+12
2.382345221e+00 8.2158405e+12
2.387109911e+00 8.0456517e+12
2.391884131e+00 8.3142897e+12
2.396667899e+00 8.1565010e+12
2.401461235e+00 8.0242970e+12
2.406264157e+00 7.7660059e+12
2.411076686e+00 7.7201702e+12
2.415898839e+00 7.3444667e+12
2.420730637e+00 7.5151787e+12
2.425572098e+00 7.3922026e+12
2.430423242e+00 7.3203371e+12
2.435284089e+00 7.0273077e+12
2.440154657e+00 7.1606376e+12
2.445034966e+00 6.9819064e+12
2.449925036e+00 6.7373168e+12
2.454824886e+00 6.5822918e+12
2.459734536e+00 6.5352905e+12
2.464654005e+00 6.7778429e+12
2.469583313e+00 6.4099902e+12
2.474522480e+00 6.2892700e+12
2.479471525e+00 6.2473324e+12
2.484430468e+00 6.2735102e+12
2.489399329e+00 5.8323256e+12
2.494378127e+00 6.0778418e+12
2.499366883e+00 5.8591975e+12
2.504365617e+00 5.6496227e+12
2.509374348e+00 5.9746169e+12
2.514393097e+00 5.5466871e+12
2.519421883e+00 5.8480923e+12
2.524460727e+00 5.6406619e+12
2.529509649e+00 5.5779054e+12
2.534568668e+00 5.5578594e+12
2.539637805e+00 5.4766440e+12
2.544717081e+00 5.4726787e+12
2.549806515e+00 5.5059705e+12
2.554906128e+00 5.4733341e+12
2.560015940e+00 5.4148819e+12
2.565135972e+00 5.3208334e+12
2.570266244e+00 5.5311086e+12
2.575406777e+00 5.1429961e+12
2.580557590e+00 5.3455108e+12
2.585718705e+00 5.4191381e+12
2.590890143e+00 5.2836297e+12
2.596071923e+00 5.2389639e+12
2.601264067e+00 5.4191880e+12
2.606466595e+00 5.2151541e+12
2.611679528e+00 5.4723454e+12
2.616902887e+00 5.2252131e+12
2.622136693e+00 5.2367136e+12
2.627380966e+00 5.2751821e+12
2.632635728e+00 5.1099691e+12
2.637901000e+00 5.2813347e+12
2.643176802e+00 5.0943175e+12
2.648463155e+00 5.1613339e+12
2.653760082e+00 5.2259127e+12
2.659067602e+00 5.2236933e+12
2.664385737e+00 5.2284951e+12
2.669714509e+00 5.1002953e+12
2.675053938e+00 4.9821072e+12
2.680404045e+00 5.0707076e+12
2.685764854e+00 4.9459446e+12
2.691136383e+00 4.9880019e+12
2.696518656e+00 4.7149636e+12
2.701911693e+00 4.9558869e+12
2.707315517e+00 4.7617337e+12
2.712730148e+00 4.6221541e+12
2.718155608e+00 4.6658436e+12
2.723591919e+00 4.5345832e+12
2.729039103e+00 4.5771317e+12
2.734497181e+00 4.5490298e+12
2.739966176e+00 4.3808094e+12
2.745446108e+00 4.5457161e+12
2.750937000e+00 4.4313288e+12
2.756438874e+00 4.3894011e+12
2.761951752e+00 4.4379146e+12
2.767475655e+00 4.1919166e+12
2.773010607e+00 4.4156813e+12
2.778556628e+00 4.2275956e+12
2.784113741e+00 4.1482631e+12
2.789681969e+00 4.1758822e+12
2.795261333e+00 4.2978699e+12
2.800851855e+00 4.1116223e+12
2.806453559e+00 3.9548168e+12
2.812066466e+00 4.1047317e+12
2.817690599e+00 3.9601833e+12
2.823325980e+00 3.9360258e+12
2.828972632e+00 4.0782892e+12
2.834630578e+00 3.9500902e+12
2.840299839e+00 3.9392876e+12
2.845980438e+00 3.9779778e+12
2.851672399e+00 3.7570804e+12
2.857375744e+00 3.8753032e+12
2.863090496e+00 3.9458466e+12
2.868816676e+00 3.7594946e+12
2.874554310e+00 3.8040217e+12
2.880303418e+00 3.8644104e+12
2.886064025e+00 3.7413403e+12
2.891836153e+00 3.7153459e+12
2.897619826e+00 3.8211539e+12
2.903415065e+00 3.7230238e+12
2.909221895e+00 3.4436344e+12
2.915040339e+00 3.7899803e+12
2.920870420e+00 3.5238828e+12
2.926712161e+00 3.4581711e+12
2.932565585e+00 3.6823399e+12
2.938430716e+00 3.5777879e+12
2.944307578e+00 3.3849570e+12
2.950196193e+00 3.4970510e+12
2.956096585e+00 3.4838396e+12
2.962008778e+00 3.4210872e+12
2.967932796e+00 3.3612757e+12
2.973868662e+00 3.4578381e+12
2.979816399e+00 3.4698081e+12
2.985776032e+00 3.3236427e+12
2.991747584e+00 3.3408102e+12
2.997731079e+00 3.4036655e+12
3.003726541e+00 3.3020464e+12
3.009733994e+00 3.1001553e+12
3.015753462e+00 3.4403368e+12
3.021784969e+00 3.2928762e+12
3.027828539e+00 3.1853083e+12
3.033884196e+00 3.2599411e+12
3.039951964e+00 3.2996334e+12
3.046031868e+00 3.1205768e+12
3.052123932e+00 3.0871142e+12
3.058228180e+00 3.2884226e+12
3.064344636e+00 3.1801699e+12
3.070473326e+00 3.0505054e+12
3.076614272e+00 3.1827089e+12
3.082767501e+00 3.1421594e+12
3.088933036e+00 3.0207685e+12
3.095110902e+00 3.0251586e+12
3.101301124e+00 3.1948320e+12
3.107503726e+00 3.0704984e+12
3.113718733e+00 2.9854670e+12
3.119946171e+00 3.0424750e+12
3.126186063e+00 3.1114599e+12
3.132438435e+00 2.8697188e+12
3.138703312e+00 3.0428638e+12
3.144980719e+00 2.9838739e+12
3.151270680e+00 3.0005846e+12
3.157573222e+00 2.9090211e+12
3.163888368e+00 2.9994902e+12
3.170216145e+00 2.9365671e+12
3.176556577e+00 2.8632402e+12
3.182909690e+00 2.9214301e+12
3.189275510e+00 2.9261954e+12
3.195654061e+00 2.8600357e+12
3.202045369e+00 2.7860748e+12
3.208449459e+00 2.9780681e+12
3.214866358e+00 2.9030151e+12
3.221296091e+00 2.8155177e+12
3.227738683e+00 2.8155117e+12
3.234194161e+00 2.8779293e+12
3.240662549e+00 2.7762006e+12
3.247143874e+00 2.7943761e+12
3.253638162e+00 2.8197725e+12
3.260145438e+00 2.8661051e+12
3.266665729e+00 2.7939649e+12
3.273199061e+00 2.7747038e+12
3.279745459e+00 2.7341617e+12
3.286304950e+00 2.7376567e+12
3.292877559e+00 2.7131051e+12
3.299463315e+00 2.7546188e+12
3.306062241e+00 2.7537925e+12
3.312674366e+00 2.7215516e+12
3.319299714e+00 2.6940733e+12
3.325938314e+00 2.7665578e+12
3.332590190e+00 2.7481541e+12
3.339255371e+00 2.6039307e+12
3.345933882e+00 2.6687683e+12
3.352625749e+00 2.6698356e+12
3.359331001e+00 2.6666024e+12
3.366049663e+00 2.6619041e+12
3.372781762e+00 2.6565655e+12
3.379527326e+00 2.6155923e+12
3.386286380e+00 2.6515964e+12
3.393058953e+00 2.5743453e+12
3.399845071e+00 2.5802980e+12
3.406644761e+00 2.5741436e+12
3.413458051e+00 2.5658004e+12
3.420284967e+00 2.5765061e+12
3.427125537e+00 2.5917840e+12
3.433979788e+00 2.5856284e+12
3.440847747e+00 2.5480664e+12
3.447729443e+00 2.5378267e+12
3.454624902e+00 2.4834013e+12
3.461534152e+00 2.4834541e+12
3.468457220e+00 2.5342352e+12
3.475394134e+00 2.5363635e+12
3.482344923e+00 2.4879127e+12
3.489309612e+00 2.4612537e+12
3.496288232e+00 2.4769546e+12
3.503280808e+00 2.5006386e+12
3.510287370e+00 2.4374297e+12
3.517307944e+00 2.4019553e+12
3.524342560e+00 2.3732967e+12
3.531391245e+00 2.4594552e+12
3.538454028e+00 2.4105774e+12
3.545530936e+00 2.4075533e+12
3.552621998e+00 2.3920339e+12
3.559727242e+00 2.3849644e+12
3.566846696e+00 2.3819033e+12
3.573980390e+00 2.2863354e+12
3.581128351e+00 2.3686349e+12
3.588290607e+00 2.3076135e+12
3.595467188e+00 2.3259490e+12
3.602658123e+00 2.3077346e+12
3.609863439e+00 2.3471788e+12
3.617083166e+00 2.3002357e+12
3.624317332e+00 2.2837894e+12
3.631565967e+00 2.2862392e+12
3.638829099e+00 2.2010125e+12
3.646106757e+00 2.2868284e+12
3.653398971e+00 2.2344649e+12
3.660705769e+00 2.1653036e+12
3.668027180e+00 2.2433674e+12
3.675363234e+00 2.2084183e+12
3.682713961e+00 2.2057397e+12
3.690079389e+00 2.2116706e+12
3.697459548e+00 2.1357244e+12
3.704854467e+00 2.1288906e+12
3.712264176e+00 2.1727170e+12
3.719688704e+00 2.1503809e+12
3.727128081e+00 2.1802343e+12
3.734582338e+00 2.0472280e+12
3.742051502e+00 2.1158290e+12
3.749535605e+00 2.1587893e+12
3.757034676e+00 2.1226148e+12
3.764548746e+00 2.0693222e+12
3.772077843e+00 2.0557532e+12
3.779621999e+00 2.0633342e+12
3.787181243e+00 2.0819735e+12
3.794755605e+00 2.0795177e+12
3.802345117e+00 2.0529497e+12
3.809949807e+00 1.9764715e+12
3.817569707e+00 2.0335229e+12
3.825204846e+00 2.0194714e+12
3.832855256e+00 1.9731777e+12
3.840520966e+00 1.9812664e+12
3.848202008e+00 1.9662313e+12
3.855898412e+00 1.9439711e+12
3.863610209e+00 1.9719145e+12
3.871337429e+00 1.9473769e+12
3.879080104e+00 1.9354931e+12
3.886838264e+00 1.9241182e+12
3.894611941e+00 1.8610754e+12
3.902401165e+00 1.9056137e+12
3.910205967e+00 1.8641466e+12
3.918026379e+00 1.8721061e+12
3.925862432e+00 1.8831428e+12
3.933714157e+00 1.8231919e+12
3.941581585e+00 1.8424808e+12
3.949464748e+00 1.8171615e+12
3.957363678e+00 1.8225332e+12
3.965278405e+00 1.7958081e+12
3.973208962e+00 1.7773165e+12
3.981155380e+00 1.7181408e+12
3.989117691e+00 1.7186919e+12
3.997095926e+00 1.7387562e+12
4.005090118e+00 1.7109012e+12
4.013100298e+00 1.7029493e+12
4.021126499e+00 1.6549070e+12
4.029168752e+00 1.6808462e+12
4.037227089e+00 1.6645974e+12
4.045301543e+00 1.6021480e+12
4.053392146e+00 1.6291035e+12
4.061498931e+00 1.5967890e+12
4.069621928e+00 1.5911752e+12
4.077761172e+00 1.5552551e+12
4.085916695e+00 1.5330347e+12
4.094088528e+00 1.5327311e+12
4.102276705e+00 1.5558012e+12
4.110481259e+00 1.5163507e+12
4.118702221e+00 1.5085940e+12
4.126939626e+00 1.4845540e+12
4.135193505e+00 1.4863565e+12
4.143463892e+00 1.4832306e+12
4.151750820e+00 1.4912583e+12
4.160054321e+00 1.4336982e+12
4.168374430e+00 1.4020337e+12
4.176711179e+00 1.4413023e+12
4.185064601e+00 1.4112517e+12
4.193434730e+00 1.4270266e+12
4.201821600e+00 1.3936492e+12
4.210225243e+00 1.3808317e+12
4.218645693e+00 1.3673487e+12
4.227082985e+00 1.3802920e+12
4.235537151e+00 1.3887397e+12
4.244008225e+00 1.3403325e+12
4.252496242e+00 1.3229115e+12
4.261001234e+00 1.3214756e+12
4.269523236e+00 1.3079389e+12
4.278062283e+00 1.3169107e+12
4.286618407e+00 1.3103203e+12
4.295191644e+00 1.2420053e+12
4.303782028e+00 1.2290153e+12
4.312389592e+00 1.2412321e+12
4.321014371e+00 1.2230139e+12
4.329656400e+00 1.2217395e+12
4.338315712e+00 1.2129682e+12
4.346992344e+00 1.1803952e+12
4.355686328e+00 1.1638376e+12
4.364397701e+00 1.1516277e+12
4.373126497e+00 1.1497064e+12
4.381872750e+00 1.1256873e+12
4.390636495e+00 1.1429384e+12
4.399417768e+00 1.1178679e+12
4.408216604e+00 1.0838756e+12
4.417033037e+00 1.0899802e+12
4.425867103e+00 1.0660235e+12
4.434718837e+00 1.0666527e+12
4.443588275e+00 1.0649786e+12
4.452475451e+00 1.0437502e+12
4.461380402e+00 1.0543303e+12
4.470303163e+00 1.0119097e+12
4.479243769e+00 1.0138499e+12
4.488202257e+00 1.0318300e+12
4.497178661e+00 9.8063060e+11
4.506173019e+00 1.0128187e+12
4.515185365e+00 9.8909032e+11
4.524215735e+00 9.6694095e+11
4.533264167e+00 9.8261542e+11
4.542330695e+00 9.5223759e+11
4.551415357e+00 9.7551484e+11
4.560518187e+00 9.5435695e+11
4.569639224e+00 9.2025021e+11
4.578778502e+00 9.4549058e+11
4.587936059e+00 9.3312911e+11
4.597111931e+00 9.1709117e+11
4.606306155e+00 9.0242042e+11
4.615518767e+00 9.2103736e+11
4.624749805e+00 9.0716326e+11
4.633999305e+00 8.8989583e+11
4.643267303e+00 8.9517195e+11
4.652553838e+00 8.9087646e+11
4.661858946e+00 8.8802652e+11
4.671182663e+00 8.5969958e+11
4.680525029e+00 8.7640696e+11
4.689886079e+00 8.7229615e+11
4.699265851e+00 8.5492148e+11
4.708664383e+00 8.5603750e+11
4.718081711e+00 8.4697241e+11
4.727517875e+00 8.5276021e+11
4.736972911e+00 8.1931580e+11
4.746446856e+00 8.3890021e+11
4.755939750e+00 8.3121385e+11
4.765451630e+00 8.1628168e+11
4.774982533e+00 7.9425669e+11
4.784532498e+00 8.0685293e+11
4.794101563e+00 8.0730343e+11
4.803689766e+00 7.9209875e+11
4.813297146e+00 7.7738876e+11
4.822923740e+00 7.9586809e+11
4.832569587e+00 7.7699353e+11
4.842234727e+00 7.7980018e+11
4.851919196e+00 7.6700638e+11
4.861623034e+00 7.6367456e+11
4.871346280e+00 7.5630937e+11
4.881088973e+00 7.5133427e+11
4.890851151e+00 7.5082537e+11
4.900632853e+00 7.4635903e+11
4.910434119e+00 7.4369770e+11
4.920254987e+00 7.3857053e+11
4.930095497e+00 7.2039094e+11
4.939955688e+00 7.1290808e+11
4.949835600e+00 7.0844418e+11
4.959735271e+00 7.0871421e+11
4.969654741e+00 6.9400068e+11
4.979594051e+00 6.9980811e+11
4.989553239e+00 7.0507865e+11
4.999532345e+00 6.6606789e+11
5.009531410e+00 6.9007771e+11
5.019550473e+00 6.5474583e+11
5.029589574e+00 6.6080744e+11
5.039648753e+00 6.5960884e+11
5.049728050e+00 6.6897905e+11
5.059827507e+00 6.5701997e+11
5.069947162e+00 6.5398765e+11
5.080087056e+00 6.3287786e+11
5.090247230e+00 6.3098761e+11
5.100427724e+00 6.4800753e+11
5.110628580e+00 6.2657558e+11
5.120849837e+00 6.2429403e+11
5.131091537e+00 6.1520677e+11
5.141353720e+00 6.0795463e+11
5.151636427e+00 6.2850157e+11
5.161939700e+00 5.9617476e+11
5.172263580e+00 5.9636253e+11
5.182608107e+00 6.0165405e+11
5.192973323e+00 6.0100671e+11
5.203359270e+00 5.8532736e+11
5.213765988e+00 5.8895347e+11
5.224193520e+00 5.8101539e+11
5.234641907e+00 5.7776605e+11
5.245111191e+00 5.6975612e+11
5.255601413e+00 5.6908909e+11
5.266112616e+00 5.6614083e+11
5.276644841e+00 5.5402662e+11
5.287198131e+00 5.6071715e+11
5.297772527e+00 5.4932188e+11
5.308368072e+00 5.4570094e+11
5.318984809e+00 5.3483406e+11
5.329622778e+00 5.5619098e+11
5.340282024e+00 5.3251926e+11
5.350962588e+00 5.2371469e+11
5.361664513e+00 5.3222974e+11
5.372387842e+00 5.3470176e+11
5.383132618e+00 5.2130022e+11
5.393898883e+00 5.2391479e+11
5.404686681e+00 5.1006004e+11
5.415496054e+00 5.0440649e+11
5.426327046e+00 4.9401713e+11
5.437179700e+00 5.0755298e+11
5.448054060e+00 5.0290028e+11
5.458950168e+00 4.9482364e+11
5.469868068e+00 4.9606257e+11
5.480807804e+00 4.8833964e+11
5.491769420e+00 4.8819033e+11
5.502752959e+00 4.9437197e+11
5.513758465e+00 4.7655168e+11
5.524785981e+00 4.6580288e+11
5.535835553e+00 4.8101563e+11
5.546907225e+00 4.6216528e+11
5.558001039e+00 4.7124978e+11
5.569117041e+00 4.5845574e+11
5.580255275e+00 4.5933762e+11
5.591415786e+00 4.6434580e+11
5.602598617e+00 4.5895980e+11
5.613803814e+00 4.4827043e+11
5.625031422e+00 4.5162417e+11
5.636281485e+00 4.4773662e+11
5.647554048e+00 4.3895513e+11
5.658849156e+00 4.4034647e+11
5.670166854e+00 4.3564647e+11
5.681507188e+00 4.3064502e+11
5.692870202e+00 4.2819943e+11
5.704255943e+00 4.3796321e+11
5.715664455e+00 4.1127662e+11
5.727095784e+00 4.2437569e+11
5.738549975e+00 4.1237428e+11
5.750027075e+00 4.2445432e+11
5.761527129e+00 4.1722941e+11
5.773050184e+00 4.1295308e+11
5.784596284e+00 4.0884517e+11
5.796165476e+00 4.0413288e+11
5.807757807e+00 4.1494615e+11
5.819373323e+00 4.0015460e+11
5.831012070e+00 3.9299586e+11
5.842674094e+00 3.9366627e+11
5.854359442e+00 3.9527823e+11
5.866068161e+00 4.0373631e+11
5.877800297e+00 3.8275877e+11
5.889555898e+00 3.9968576e+11
5.901335010e+00 3.7325383e+11
5.913137680e+00 3.8670681e+11
5.924963955e+00 3.8877819e+11
5.936813883e+00 3.7768148e+11
5.948687511e+00 3.7719191e+11
5.960584886e+00 3.7781409e+11
5.972506055e+00 3.6482183e+11
5.984451068e+00 3.7095903e+11
5.996419970e+00 3.7222007e+11
6.008412810e+00 3.7337498e+11
6.020429635e+00 3.6033879e+11
6.032470495e+00 3.6011101e+11
6.044535436e+00 3.4978063e+11
6.056624506e+00 3.5595402e+11
6.068737755e+00 3.6271715e+11
6.080875231e+00 3.5913727e+11
6.093036981e+00 3.5197653e+11
6.105223055e+00 3.4837854e+11
6.117433501e+00 3.3917735e+11
6.129668368e+00 3.5299755e+11
6.141927705e+00 3.4762796e+11
6.154211561e+00 3.4222430e+11
6.166519984e+00 3.3819667e+11
6.178853024e+00 3.3575682e+11
6.191210730e+00 3.3968404e+11
6.203593151e+00 3.3277694e+11
6.216000338e+00 3.3209158e+11
6.228432338e+00 3.3584415e+11
6.240889203e+00 3.2450997e+11
6.253370981e+00 3.2798324e+11
6.265877723e+00 3.1910834e+11
6.278409479e+00 3.2229930e+11
6.290966298e+00 3.1952454e+11
6.303548230e+00 3.1765159e+11
6.316155327e+00 3.1562201e+11
6.328787637e+00 3.1071322e+11
6.341445213e+00 3.1121189e+11
6.354128103e+00 3.0135034e+11
6.366836359e+00 3.0866958e+11
6.379570032e+00 2.9634978e+11
6.392329172e+00 2.9910727e+11
6.405113830e+00 2.9187781e+11
6.417924058e+00 2.8900268e+11
6.430759906e+00 2.8826689e+11
6.443621426e+00 2.8343485e+11
6.456508669e+00 2.7656970e+11
6.469421686e+00 2.6533250e+11
6.482360530e+00 2.6405300e+11
6.495325251e+00 2.6490723e+11
6.508315901e+00 2.6393442e+11
6.521332533e+00 2.5911805e+11
6.534375198e+00 2.5519998e+11
6.547443948e+00 2.5234977e+11
6.560538836e+00 2.4645352e+11
6.573659914e+00 2.4688766e+11
6.586807234e+00 2.4481663e+11
6.599980848e+00 2.3411516e+11
6.613180810e+00 2.3890391e+11
6.626407172e+00 2.2806504e+11
6.639659986e+00 2.3122496e+11
6.652939306e+00 2.3121457e+11
6.666245184e+00 2.3040733e+11
6.679577675e+00 2.2712831e+11
6.692936830e+00 2.2324615e+11
6.706322704e+00 2.3064830e+11
6.719735349e+00 2.2465285e+11
6.733174820e+00 2.2465673e+11
6.746641170e+00 2.1943929e+11
6.760134452e+00 2.1811628e+11
6.773654721e+00 2.1665514e+11
6.787202030e+00 2.1081788e+11
6.800776434e+00 2.1623238e+11
6.814377987e+00 2.0676151e+11
6.828006743e+00 2.1011593e+11
6.841662757e+00 2.1108331e+11
6.855346082e+00 2.0694680e+11
6.869056774e+00 2.0530878e+11
6.882794888e+00 2.0550444e+11
6.896560478e+00 2.0296195e+11
6.910353599e+00 2.0344884e+11
6.924174306e+00 1.9738519e+11
6.938022654e+00 2.0090819e+11
6.951898700e+00 1.9695684e+11
6.965802497e+00 1.9562747e+11
6.979734102e+00 1.9638087e+11
6.993693570e+00 1.9870718e+11
7.007680957e+00 1.8869847e+11
7.021696319e+00 1.8741275e+11
7.035739712e+00 1.9439422e+11
7.049811191e+00 1.8557737e+11
7.063910814e+00 1.9252162e+11
7.078038635e+00 1.8244213e+11
7.092194713e+00 1.8559556e+11
7.106379102e+00 1.8111439e+11
7.120591860e+00 1.8265008e+11
7.134833044e+00 1.8056637e+11
7.149102710e+00 1.7981739e+11
7.163400916e+00 1.8298249e+11
7.177727717e+00 1.7945551e+11
7.192083173e+00 1.7735111e+11
7.206467339e+00 1.7439183e+11
7.220880274e+00 1.7423441e+11
7.235322034e+00 1.7388582e+11
7.249792679e+00 1.7234538e+11
7.264292264e+00 1.7195639e+11
7.278820848e+00 1.6965337e+11
7.293378490e+00 1.6853092e+11
7.307965247e+00 1.6755165e+11
7.322581178e+00 1.6918279e+11
7.337226340e+00 1.6125193e+11
7.351900793e+00 1.6266745e+11
7.366604594e+00 1.6180630e+11
7.381337803e+00 1.6202828e+11
7.396100479e+00 1.6339780e+11
7.410892680e+00 1.6007822e+11
7.425714465e+00 1.5638089e+11
7.440565894e+00 1.5565365e+11
7.455447026e+00 1.5827760e+11
7.470357920e+00 1.5649945e+11
7.485298636e+00 1.5802700e+11
7.500269233e+00 1.5171835e+11
7.515269772e+00 1.5310190e+11
7.530300311e+00 1.4775064e+11
7.545360912e+00 1.5126215e+11
7.560451634e+00 1.5262545e+11
7.575572537e+00 1.4455278e+11
7.590723682e+00 1.4458961e+11
7.605905129e+00 1.4099296e+11
7.621116940e+00 1.4202829e+11
7.636359173e+00 1.4057686e+11
7.651631892e+00 1.4099563e+11
7.666935156e+00 1.3811268e+11
7.682269026e+00 1.4067650e+11
7.697633564e+00 1.3845255e+11
7.713028831e+00 1.3654942e+11
7.728454889e+00 1.3435092e+11
7.743911799e+00 1.3138319e+11
7.759399622e+00 1.3189969e+11
7.774918421e+00 1.3240147e+11
7.790468258e+00 1.3142102e+11
7.806049195e+00 1.2715403e+11
7.821661293e+00 1.3035850e+11
7.837304616e+00 1.2919065e+11
7.852979225e+00 1.2732749e+11
7.868685183e+00 1.2348811e+11
7.884422554e+00 1.2334334e+11
7.900191399e+00 1.2100816e+11
7.915991782e+00 1.2158201e+11
7.931823765e+00 1.2366963e+11
7.947687413e+00 1.2089652e+11
7.963582788e+00 1.1795287e+11
7.979509953e+00 1.1704812e+11
7.995468973e+00 1.1852670e+11
8.011459911e+00 1.1710358e+11
8.027482831e+00 1.1792074e+11
8.043537796e+00 1.1371306e+11
8.059624872e+00 1.1502900e+11
8.075744122e+00 1.1310758e+11
8.091895610e+00 1.1359133e+11
8.108079401e+00 1.1051529e+11
8.124295560e+00 1.1064776e+11
8.140544151e+00 1.1253744e+11
8.156825240e+00 1.0889445e+11
8.173138890e+00 1.1112567e+11
8.189485168e+00 1.0784382e+11
8.205864138e+00 1.0531847e+11
8.222275866e+00 1.0653357e+11
8.238720418e+00 1.0657755e+11
8.255197859e+00 1.0689151e+11
8.271708255e+00 1.0395055e+11
8.288251671e+00 1.0374419e+11
8.304828175e+00 1.0321620e+11
8.321437831e+00 1.0122438e+11
8.338080707e+00 9.9599486e+10
8.354756868e+00 1.0078306e+11
8.371466382e+00 9.8600068e+10
8.388209314e+00 9.7406298e+10
8.404985733e+00 1.0000799e+11
8.421795705e+00 9.9009594e+10
8.438639296e+00 9.7366381e+10
8.455516575e+00 9.6826463e+10
8.472427608e+00 9.6549764e+10
8.489372463e+00 9.4153948e+10
8.506351208e+00 9.4139066e+10
8.523363910e+00 9.4848568e+10
8.540410638e+00 9.3214801e+10
8.557491459e+00 9.0950979e+10
8.574606442e+00 9.2105168e+10
8.591755655e+00 9.1683931e+10
8.608939166e+00 9.1553022e+10
8.626157045e+00 8.9292703e+10
8.643409359e+00 9.0979134e+10
8.660696178e+00 8.9317543e+10
8.678017570e+00 8.6553376e+10
8.695373605e+00 9.1020685e+10
8.712764352e+00 8.6142738e+10
8.730189881e+00 8.6053574e+10
8.747650261e+00 8.5559765e+10
8.765145561e+00 8.3303953e+10
8.782675852e+00 8.4917015e+10
8.800241204e+00 8.3416932e+10
8.817841687e+00 8.3289123e+10
8.835477370e+00 8.3174008e+10
8.853148325e+00 8.3235397e+10
8.870854621e+00 8.2102018e+10
8.888596331e+00 8.1763674e+10
8.906373523e+00 8.1061476e+10
8.924186270e+00 8.0949849e+10
8.942034643e+00 7.9585678e+10
8.959918712e+00 7.9476727e+10
8.977838550e+00 7.7729693e+10
8.995794227e+00 7.9285514e+10
9.013785815e+00 7.8667811e+10
9.031813387e+00 7.7345828e+10
9.049877013e+00 7.7919989e+10
9.067976767e+00 7.6484474e+10
9.086112721e+00 7.5970332e+10
9.104284946e+00 7.5974222e+10
9.122493516e+00 7.4900074e+10
9.140738503e+00 7.5234178e+10
9.159019980e+00 7.3781107e+10
9.177338020e+00 7.3391438e+10
9.195692696e+00 7.3005679e+10
9.214084082e+00 7.3166179e+10
9.232512250e+00 7.2502967e+10
9.250977274e+00 7.0754896e+10
9.269479229e+00 7.1003635e+10
9.288018187e+00 7.0255398e+10
9.306594224e+00 7.0457944e+10
9.325207412e+00 6.8895788e+10
9.343857827e+00 6.9627158e+10
9.362545543e+00 6.9573626e+10
9.381270634e+00 6.8017740e+10
9.400033175e+00 6.7004070e+10
9.418833241e+00 6.6979469e+10
9.437670908e+00 6.6431286e+10
9.456546250e+00 6.6429216e+10
9.475459342e+00 6.6345871e+10
9.494410261e+00 6.5585770e+10
9.513399081e+00 6.5080673e+10
9.532425880e+00 6.5188019e+10
9.551490731e+00 6.5414342e+10
9.570593713e+00 6.4055895e+10
9.589734900e+00 6.2827928e+10
9.608914370e+00 6.2309790e+10
9.628132199e+00 6.1913673e+10
9.647388463e+00 6.1600964e+10
9.666683240e+00 6.1378814e+10
9.686016607e+00 6.1240894e+10
9.705388640e+00 6.0546316e+10
9.724799417e+00 6.0260888e+10
9.744249016e+00 6.0471224e+10
9.763737514e+00 5.9774216e+10
9.783264989e+00 5.8658034e+10
9.802831519e+00 5.9395204e+10
9.822437182e+00 5.7714477e+10
9.842082056e+00 5.8270113e+10
9.861766221e+00 5.7034378e+10
9.881489753e+00 5.6569444e+10
9.901252732e+00 5.5186570e+10
9.921055238e+00 5.5100200e+10
9.940897348e+00 5.6440542e+10
9.960779143e+00 5.5258989e+10
9.980700701e+00 5.4812257e+10
1.000066210e+01 5.4607076e+10
1.002066343e+01 5.4417134e+10
1.004070475e+01 5.4221453e+10
1.006078616e+01 5.2569031e+10
1.008090774e+01 5.2005183e+10
1.010106955e+01 5.2234376e+10
1.012127169e+01 5.2043126e+10
1.014151423e+01 5.1704474e+10
1.016179726e+01 5.2090369e+10
1.018212086e+01 5.0679055e+10
1.020248510e+01 5.1187862e+10
1.022289007e+01 4.9852812e+10
1.024333585e+01 4.9641252e+10
1.026382252e+01 4.9784036e+10
1.028435017e+01 4.8663265e+10
1.030491887e+01 4.8910723e+10
1.032552870e+01 4.7488716e+10
1.034617976e+01 4.8256164e+10
1.036687212e+01 4.7199415e+10
1.038760586e+01 4.7509533e+10
1.040838108e+01 4.6585485e+10
1.042919784e+01 4.5380105e+10
1.045005623e+01 4.6081038e+10
1.047095635e+01 4.5210901e+10
1.049189826e+01 4.5627303e+10
1.051288206e+01 4.4726067e+10
1.053390782e+01 4.5050410e+10
1.055497564e+01 4.4083493e+10
1.057608559e+01 4.3817441e+10
1.059723776e+01 4.3098194e+10
1.061843223e+01 4.3104979e+10
1.063966910e+01 4.2974009e+10
1.066094844e+01 4.2857333e+10
1.068227033e+01 4.2261732e+10
1.070363487e+01 4.1708237e+10
1.072504214e+01 4.1617927e+10
1.074649223e+01 4.0699357e+10
1.076798521e+01 4.1125671e+10
1.078952118e+01 4.0032480e+10
1.081110023e+01 4.0664769e+10
1.083272243e+01 4.0298955e+10
1.085438787e+01 3.9946432e+10
1.087609665e+01 3.9539829e+10
1.089784884e+01 3.8070095e+10
1.091964454e+01 3.8905770e+10
1.094148383e+01 3.7927902e+10
1.096336679e+01 3.8398025e+10
1.098529353e+01 3.6944309e+10
1.100726411e+01 3.7816192e+10
1.102927864e+01 3.7516550e+10
1.105133720e+01 3.5667078e+10
1.107343987e+01 3.6502141e+10
1.109558675e+01 3.6525882e+10
1.111777793e+01 3.5707813e+10
1.114001348e+01 3.6244170e+10
1.116229351e+01 3.5574776e+10
1.118461810e+01 3.4852018e+10
1.120698733e+01 3.4493295e+10
1.122940131e+01 3.4544423e+10
1.125186011e+01 3.4487050e+10
1.127436383e+01 3.4346589e+10
1.129691256e+01 3.3383621e+10
1.131950638e+01 3.3143483e+10
1.134214540e+01 3.3524863e+10
1.136482969e+01 3.2804407e+10
1.138755935e+01 3.2869010e+10
1.141033447e+01 3.3481133e+10
1.143315513e+01 3.1902084e+10
1.145602144e+01 3.1972456e+10
1.147893349e+01 3.1470076e+10
1.150189135e+01 3.1678253e+10
1.152489514e+01 3.1119578e+10
1.154794493e+01 3.0163103e+10
1.157104082e+01 3.0448898e+10
1.159418290e+01 2.9876276e+10
1.161737126e+01 3.0180258e+10
1.164060601e+01 2.9972629e+10
1.166388722e+01 3.0227355e+10
1.168721499e+01 2.9662099e+10
1.171058942e+01 2.9229385e+10
1.173401060e+01 2.8536881e+10
1.175747862e+01 2.8446826e+10
1.178099358e+01 2.8565424e+10
1.180455557e+01 2.8350259e+10
1.182816468e+01 2.7708017e+10
1.185182101e+01 2.8034359e+10
1.187552465e+01 2.8166353e+10
1.189927570e+01 2.7266938e+10
1.192307425e+01 2.7080662e+10
1.194692040e+01 2.7536515e+10
1.197081424e+01 2.7113925e+10
1.199475587e+01 2.6762987e+10
1.201874538e+01 2.6359016e+10
1.204278287e+01 2.6314842e+10
1.206686844e+01 2.6380961e+10
1.209100217e+01 2.5872317e+10
1.211518418e+01 2.5815482e+10
1.213941455e+01 2.5375987e+10
1.216369338e+01 2.5199806e+10
1.218802076e+01 2.5555264e+10
1.221239680e+01 2.4900074e+10
1.223682160e+01 2.5091225e+10
1.226129524e+01 2.4563704e+10
1.228581783e+01 2.4094674e+10
1.231038947e+01 2.4210739e+10
1.233501025e+01 2.4300896e+10
1.235968027e+01 2.3758073e+10
1.238439963e+01 2.3915201e+10
1.240916843e+01 2.3167880e+10
1.243398676e+01 2.2667962e+10
1.245885474e+01 2.3067516e+10
1.248377245e+01 2.2902462e+10
1.250873999e+01 2.2747780e+10
1.253375747e+01 2.2119462e+10
1.255882499e+01 2.2421195e+10
1.258394264e+01 2.2147737e+10
1.260911052e+01 2.2117441e+10
1.263432874e+01 2.2045456e+10
1.265959740e+01 2.0975589e+10
1.268491659e+01 2.1526194e+10
1.271028643e+01 2.1710905e+10
1.273570700e+01 2.1640070e+10
1.276117842e+01 2.0824673e+10
1.278670077e+01 2.0436968e+10
1.281227417e+01 2.0433163e+10
1.283789872e+01 2.0815007e+10
1.286357452e+01 2.0572152e+10
1.288930167e+01 2.0671300e+10
1.291508027e+01 2.0019180e+10
1.294091043e+01 1.9960511e+10
1.296679225e+01 1.9749741e+10
1.299272584e+01 1.9747520e+10
1.301871129e+01 1.9423410e+10
1.304474871e+01 1.9239776e+10
1.307083821e+01 1.9304803e+10
1.309697989e+01 1.9189739e+10
1.312317385e+01 1.9193393e+10
1.314942019e+01 1.8567385e+10
1.317571903e+01 1.8443161e+10
1.320207047e+01 1.8338940e+10
1.322847461e+01 1.8290184e+10
1.325493156e+01 1.8149587e+10
1.328144142e+01 1.8209379e+10
1.330800431e+01 1.7855872e+10
1.333462032e+01 1.7680325e+10
1.336128956e+01 1.7617573e+10
1.338801214e+01 1.7790327e+10
1.341478816e+01 1.7611781e+10
1.344161774e+01 1.7143943e+10
1.346850097e+01 1.7134257e+10
1.349543797e+01 1.7082888e+10
1.352242885e+01 1.6954660e+10
1.354947371e+01 1.6441399e+10
1.357657266e+01 1.6466848e+10
1.360372580e+01 1.6585401e+10
1.363093325e+01 1.6239194e+10
1.365819512e+01 1.6204132e+10
1.368551151e+01 1.6267993e+10
1.371288253e+01 1.5708816e+10
1.374030830e+01 1.5921356e+10
1.376778891e+01 1.5250222e+10
1.379532449e+01 1.5946061e+10
1.382291514e+01 1.5801370e+10
1.385056097e+01 1.5248903e+10
1.387826209e+01 1.5736532e+10
1.390601862e+01 1.5203084e+10
1.393383065e+01 1.5346869e+10
1.396169832e+01 1.4898693e+10
1.398962171e+01 1.4988821e+10
1.401760096e+01 1.4656445e+10
1.404563616e+01 1.4835855e+10
1.407372743e+01 1.4417328e+10
1.410187488e+01 1.4624138e+10
1.413007863e+01 1.3837377e+10
1.415833879e+01 1.3843673e+10
1.418665547e+01 1.3976315e+10
1.421502878e+01 1.3683713e+10
1.424345884e+01 1.4123000e+10
1.427194576e+01 1.3937945e+10
1.430048965e+01 1.3932169e+10
1.432909063e+01 1.3411784e+10
1.435774881e+01 1.3516721e+10
1.438646430e+01 1.3240828e+10
1.441523723e+01 1.3292121e+10
1.444406771e+01 1.3082194e+10
1.447295584e+01 1.2849030e+10
1.450190175e+01 1.2841504e+10
1.453090556e+01 1.2907187e+10
1.455996737e+01 1.2988061e+10
1.458908730e+01 1.2627591e+10
1.461826548e+01 1.2542143e+10
1.464750201e+01 1.1970234e+10
1.467679701e+01 1.2119438e+10
1.470615061e+01 1.1957967e+10
1.473556291e+01 1.2194462e+10
1.476503403e+01 1.2245123e+10
1.479456410e+01 1.2249702e+10
1.482415323e+01 1.2017738e+10
1.485380154e+01 1.1834755e+10
1.488350914e+01 1.1716272e+10
1.491327616e+01 1.1525713e+10
1.494310271e+01 1.1732998e+10
1.497298892e+01 1.1187217e+10
1.500293489e+01 1.1547340e+10
1.503294076e+01 1.1211773e+10
1.506300665e+01 1.1372020e+10
1.509313266e+01 1.1235648e+10
1.512331892e+01 1.0937109e+10
1.515356556e+01 1.1130906e+10
1.518387269e+01 1.0644935e+10
1.521424044e+01 1.1047786e+10
1.524466892e+01 1.0529145e+10
1.527515826e+01 1.0611902e+10
1.530570857e+01 1.0232965e+10
1.533631999e+01 1.0299157e+10
1.536699263e+01 1.0288677e+10
1.539772662e+01 1.0270927e+10
1.542852207e+01 1.0209267e+10
1.545937911e+01 9.8916217e+09
1.549029787e+01 1.0072064e+10
1.552127847e+01 9.9731677e+09
1.555232102e+01 9.8870427e+09
1.558342567e+01 9.9452747e+09
1.561459252e+01 9.9119732e+09
1.564582170e+01 9.6152762e+09
1.567711335e+01 9.7417348e+09
1.570846757e+01 9.6198016e+09
1.573988451e+01 9.5028318e+09
1.577136428e+01 9.3843854e+09
1.580290701e+01 9.3220101e+09
1.583451282e+01 9.3444129e+09
1.586618185e+01 9.1794229e+09
1.589791421e+01 8.9864856e+09
1.592971004e+01 8.8720240e+09
1.596156946e+01 8.8891974e+09
1.599349260e+01 8.7164934e+09
1.602547958e+01 8.7156930e+09
1.605753054e+01 8.8320609e+09
1.608964560e+01 8.5747959e+09
1.612182489e+01 8.6039837e+09
1.615406854e+01 8.4568878e+09
1.618637668e+01 8.5548336e+09
1.621874943e+01 8.3057012e+09
1.625118693e+01 8.5164974e+09
1.628368931e+01 8.2312329e+09
1.631625668e+01 8.1865695e+09
1.634888920e+01 8.4871917e+09
1.638158698e+01 8.1740445e+09
1.641435015e+01 8.0975922e+09
1.644717885e+01 8.0595670e+09
1.648007321e+01 7.8790714e+09
1.651303336e+01 7.9669898e+09
1.654605942e+01 7.6941333e+09
1.657915154e+01 7.7070647e+09
1.661230984e+01 7.5739874e+09
1.664553446e+01 7.4628997e+09
1.667882553e+01 7.7059681e+09
1.671218318e+01 7.4258986e+09
1.674560755e+01 7.4929397e+09
1.677909876e+01 7.6020943e+09
1.681265696e+01 7.3518742e+09
1.684628228e+01 7.2040187e+09
1.687997484e+01 7.0969763e+09
1.691373479e+01 7.1790774e+09
1.694756226e+01 7.2365858e+09
1.698145738e+01 7.1216698e+09
1.701542030e+01 7.1885183e+09
1.704945114e+01 7.0553575e+09
1.708355004e+01 7.0205228e+09
1.711771714e+01 6.8203659e+09
1.715195258e+01 6.7347932e+09
1.718625648e+01 6.7845855e+09
1.722062899e+01 6.5782805e+09
1.725507025e+01 6.5282830e+09
1.728958039e+01 6.6343518e+09
1.732415955e+01 6.5511602e+09
1.735880787e+01 6.4413686e+09
1.739352549e+01 6.5068783e+09
1.742831254e+01 6.5125104e+09
1.746316917e+01 6.2843459e+09
1.749809550e+01 6.2747484e+09
1.753309169e+01 6.1479977e+09
1.756815788e+01 6.2723193e+09
1.760329419e+01 6.1484846e+09
1.763850078e+01 6.0179560e+09
1.767377778e+01 6.0741656e+09
1.770912534e+01 6.0468139e+09
1.774454359e+01 5.9846044e+09
1.778003268e+01 5.9786842e+09
1.781559274e+01 5.9011252e+09
1.785122393e+01 5.8687377e+09
1.788692638e+01 5.9592084e+09
1.792270023e+01 5.7032066e+09
1.795854563e+01 5.7201000e+09
1.799446272e+01 5.9688932e+09
1.803045165e+01 5.5758172e+09
1.806651255e+01 5.5686817e+09
1.810264557e+01 5.5587314e+09
1.813885087e+01 5.5411982e+09
1.817512857e+01 5.3347601e+09
1.821147882e+01 5.4550561e+09
1.824790178e+01 5.3598228e+09
1.828439759e+01 5.3748749e+09
1.832096638e+01 5.3463406e+09
1.835760831e+01 5.3083022e+09
1.839432353e+01 5.1948850e+09
1.843111218e+01 5.1897980e+09
1.846797440e+01 5.3213784e+09
1.850491035e+01 5.0991286e+09
1.854192017e+01 4.9857786e+09
1.857900401e+01 4.9414225e+09
1.861616202e+01 4.9130686e+09
1.865339434e+01 4.9575980e+09
1.869070113e+01 4.9492391e+09
1.872808253e+01 4.8897905e+09
1.876553870e+01 4.7333499e+09
1.880306978e+01 4.9331432e+09
1.884067592e+01 4.7845745e+09
1.887835727e+01 4.7117217e+09
1.891611398e+01 4.6965027e+09
1.895394621e+01 4.6417398e+09
1.899185410e+01 4.6227257e+09
1.902983781e+01 4.6861179e+09
1.906789749e+01 4.5946552e+09
1.910603328e+01 4.7235732e+09
1.914424535e+01 4.5377682e+09
1.918253384e+01 4.4157803e+09
1.922089891e+01 4.2664335e+09
1.925934070e+01 4.4219061e+09
1.929785939e+01 4.3210535e+09
1.933645510e+01 4.2881919e+09
1.937512801e+01 4.3623385e+09
1.941387827e+01 4.2357778e+09
1.945270603e+01 4.2803154e+09
1.949161144e+01 4.2328717e+09
1.953059466e+01 4.2884037e+09
1.956965585e+01 4.0276376e+09
1.960879516e+01 4.0371165e+09
1.964801275e+01 4.0286268e+09
1.968730878e+01 4.0642875e+09
1.972668340e+01 4.0552953e+09
1.976613676e+01 4.0586584e+09
1.980566904e+01 3.8974018e+09
1.984528037e+01 3.8870579e+09
1.988497094e+01 3.8700493e+09
1.992474088e+01 3.8683476e+09
1.996459036e+01 3.8577008e+09
