"WAVELENGTH (MICRONS)" "FLUX (ERG/CM2/S/A)"
2.000000000e-01 4.6650097e+03
2.004000000e-01 5.3960183e+03
2.008008000e-01 5.5036656e+03
2.012024016e-01 6.4465566e+03
2.016048064e-01 6.1580192e+03
2.020080160e-01 6.1981951e+03
2.024120320e-01 6.4636407e+03
2.028168561e-01 7.1772166e+03
2.032224898e-01 8.3355898e+03
2.036289348e-01 8.3757203e+03
2.040361927e-01 8.6570360e+03
2.044442651e-01 8.3104099e+03
2.048531536e-01 9.1348120e+03
2.052628599e-01 9.6388996e+03
2.056733856e-01 1.1107161e+04
2.060847324e-01 1.0251413e+04
2.064969019e-01 9.8663172e+03
2.069098957e-01 1.1480999e+04
2.073237154e-01 9.1831172e+04
2.077383629e-01 3.7671905e+04
2.081538396e-01 8.9402296e+04
2.085701473e-01 8.7033754e+04
2.089872876e-01 1.7507937e+05
2.094052622e-01 1.1104414e+05
2.098240727e-01 1.9153117e+05
2.102437208e-01 1.4097513e+05
2.106642083e-01 1.3318272e+05
2.110855367e-01 2.0213497e+05
2.115077078e-01 1.5032378e+05
2.119307232e-01 1.7582256e+05
2.123545846e-01 3.1558513e+05
2.127792938e-01 1.3369942e+05
2.132048524e-01 3.4370556e+05
2.136312621e-01 2.4417917e+05
2.140585246e-01 1.8500610e+05
2.144866417e-01 2.6606110e+05
2.149156149e-01 1.3448937e+05
2.153454462e-01 3.4057742e+05
2.157761371e-01 3.9880259e+05
2.162076893e-01 2.5819283e+05
2.166401047e-01 2.0558324e+05
2.170733849e-01 2.9921028e+05
2.175075317e-01 5.5211463e+05
2.179425468e-01 1.4613563e+05
2.183784318e-01 3.0477353e+05
2.188151887e-01 4.6659669e+05
2.192528191e-01 5.6651478e+05
2.196913247e-01 7.2014195e+05
2.201307074e-01 3.2590505e+05
2.205709688e-01 9.4886582e+05
2.210121107e-01 6.4766163e+05
2.214541349e-01 1.0807667e+06
2.218970432e-01 2.8680992e+05
2.223408373e-01 5.5052173e+05
2.227855190e-01 9.2399469e+05
2.232310900e-01 1.5294292e+06
2.236775522e-01 2.2247188e+06
2.241249073e-01 9.5462649e+05
2.245731571e-01 1.5729673e+06
2.250223034e-01 2.1235395e+06
2.254723480e-01 2.9598716e+06
2.259232927e-01 2.4932412e+05
2.263751393e-01 5.9903348e+05
2.268278896e-01 9.2798829e+05
2.272815454e-01 2.5750120e+06
2.277361085e-01 2.2304946e+06
2.281915807e-01 1.7494159e+06
2.286479638e-01 1.4856409e+06
2.291052598e-01 3.3362469e+06
2.295634703e-01 3.7904231e+06
2.300225972e-01 1.2572157e+06
2.304826424e-01 7.7740948e+05
2.309436077e-01 1.9691743e+06
2.314054949e-01 4.5001077e+06
2.318683059e-01 7.3119884e+06
2.323320425e-01 2.9167524e+06
2.327967066e-01 3.3453099e+06
2.332623000e-01 9.3312789e+06
2.337288246e-01 8.8724102e+06
2.341962823e-01 1.0602814e+07
2.346646748e-01 1.2201463e+06
2.351340042e-01 2.2319586e+06
2.356042722e-01 2.8578873e+06
2.360754807e-01 6.3200171e+06
2.365476317e-01 5.5301905e+06
2.370207270e-01 3.0210971e+06
2.374947684e-01 4.3221542e+06
2.379697580e-01 1.2613570e+07
2.384456975e-01 1.5704705e+07
2.389225889e-01 7.1774065e+06
2.394004340e-01 8.0156809e+06
2.398792349e-01 1.6036486e+07
2.403589934e-01 3.7338206e+07
2.408397114e-01 4.0958227e+07
2.413213908e-01 1.1740706e+07
2.418040336e-01 6.3911475e+06
2.422876416e-01 9.2181845e+06
2.427722169e-01 4.0470381e+07
2.432577614e-01 4.3276847e+07
2.437442769e-01 2.9933826e+07
2.442317654e-01 4.9907215e+07
2.447202290e-01 7.0661380e+07
2.452096694e-01 8.9587248e+07
2.457000888e-01 8.9001403e+07
2.461914889e-01 1.1101707e+07
2.466838719e-01 4.9874045e+07
2.471772397e-01 3.7889621e+07
2.476715941e-01 6.7727115e+07
2.481669373e-01 1.8310679e+07
2.486632712e-01 6.3456720e+06
2.491605977e-01 8.0348373e+06
2.496589189e-01 3.1871001e+07
2.501582368e-01 4.2593494e+07
2.506585533e-01 6.0824782e+07
2.511598704e-01 2.0295752e+07
2.516621901e-01 4.1052868e+07
2.521655145e-01 3.3892619e+07
2.526698455e-01 3.8165034e+07
2.531751852e-01 9.1432911e+07
2.536815356e-01 1.9738365e+08
2.541888986e-01 1.7622248e+08
2.546972764e-01 1.7329484e+08
2.552066710e-01 3.2609958e+08
2.557170843e-01 2.5995574e+08
2.562285185e-01 2.0011540e+08
2.567409755e-01 8.7725250e+07
2.572544575e-01 2.2419903e+08
2.577689664e-01 2.0637801e+08
2.582845043e-01 1.7626107e+08
2.588010734e-01 1.2975159e+08
2.593186755e-01 1.5145260e+08
2.598373128e-01 4.1568119e+08
2.603569875e-01 5.4494018e+08
2.608777014e-01 3.4423313e+08
2.613994569e-01 3.4489978e+08
2.619222558e-01 5.5292813e+08
2.624461003e-01 7.8322551e+08
2.629709925e-01 1.1372091e+09
2.634969345e-01 1.2819462e+09
2.640239283e-01 2.1133427e+09
2.645519762e-01 7.0505699e+08
2.650810801e-01 8.4686641e+08
2.656112423e-01 1.6308629e+09
2.661424648e-01 1.1416045e+09
2.666747497e-01 9.2724699e+08
2.672080992e-01 7.8195209e+08
2.677425154e-01 1.2992775e+09
2.682780004e-01 1.5420352e+09
2.688145564e-01 1.4800698e+09
2.693521856e-01 7.5340239e+08
2.698908899e-01 1.0909369e+09
2.704306717e-01 2.0071524e+09
2.709715331e-01 2.0274687e+09
2.715134761e-01 1.1541637e+09
2.720565031e-01 2.0210106e+08
2.726006161e-01 8.5815290e+08
2.731458173e-01 1.2135313e+09
2.736921089e-01 6.8367888e+08
2.742394932e-01 9.1314365e+08
2.747879721e-01 1.5267936e+09
2.753375481e-01 1.4565250e+09
2.758882232e-01 1.6427293e+09
2.764399996e-01 3.3643933e+09
2.769928796e-01 3.3639767e+09
2.775468654e-01 3.8366813e+09
2.781019591e-01 2.0953413e+09
2.786581630e-01 3.0580627e+09
2.792154794e-01 4.0144533e+09
2.797739103e-01 1.6219823e+09
2.803334581e-01 2.7815737e+09
2.808941251e-01 3.4073214e+09
2.814559133e-01 4.3318792e+09
2.820188251e-01 3.6629450e+09
2.825828628e-01 2.9877864e+09
2.831480285e-01 2.6703179e+09
2.837143246e-01 1.7397686e+09
2.842817532e-01 1.1460062e+09
2.848503167e-01 4.1203784e+08
2.854200174e-01 1.3223581e+08
2.859908574e-01 8.7921734e+08
2.865628391e-01 1.8370013e+09
2.871359648e-01 2.8130245e+09
2.877102367e-01 3.6788285e+09
2.882856572e-01 6.4605769e+09
2.888622285e-01 9.8293912e+09
2.894399530e-01 1.0846993e+10
2.900188329e-01 1.0646168e+10
2.905988705e-01 1.4097529e+10
2.911800683e-01 1.1291636e+10
2.917624284e-01 1.8389608e+10
2.923459533e-01 1.9998089e+10
2.929306452e-01 1.0219865e+10
2.935165065e-01 1.0262988e+10
2.941035395e-01 8.1141584e+09
2.946917466e-01 6.4735894e+09
2.952811301e-01 9.5006345e+09
2.958716923e-01 9.9212390e+09
2.964634357e-01 9.1523628e+09
2.970563626e-01 2.8053671e+09
2.976504753e-01 8.6734078e+09
2.982457762e-01 6.5865653e+09
2.988422678e-01 1.1679990e+10
2.994399523e-01 6.8926742e+09
3.000388322e-01 4.8714582e+09
3.006389099e-01 5.4010316e+09
3.012401877e-01 1.1001175e+10
3.018426681e-01 4.6410802e+09
3.024463534e-01 2.5046077e+09
3.030512461e-01 1.7198884e+10
3.036573486e-01 1.4455410e+10
3.042646633e-01 1.6170904e+10
3.048731927e-01 7.8520192e+09
3.054829390e-01 1.6308845e+10
3.060939049e-01 1.2572820e+10
3.067060927e-01 3.9579949e+10
3.073195049e-01 5.8230624e+10
3.079341439e-01 3.1848332e+10
3.085500122e-01 2.3358633e+10
3.091671122e-01 1.7355837e+10
3.097854465e-01 2.7052064e+10
3.104050174e-01 3.8048543e+10
3.110258274e-01 1.1047281e+11
3.116478790e-01 1.0011786e+11
3.122711748e-01 1.4241613e+11
3.128957172e-01 1.3260208e+11
3.135215086e-01 7.8139153e+10
3.141485516e-01 1.5730844e+11
3.147768487e-01 1.7607310e+11
3.154064024e-01 1.8597364e+11
3.160372152e-01 1.4430341e+11
3.166692896e-01 2.1137563e+11
3.173026282e-01 2.4543386e+11
3.179372335e-01 2.1228035e+11
3.185731079e-01 8.8841919e+10
3.192102542e-01 9.3847634e+10
3.198486747e-01 1.0534147e+11
3.204883720e-01 2.1985132e+11
3.211293488e-01 2.0855911e+11
3.217716075e-01 1.6115087e+11
3.224151507e-01 1.5717439e+11
3.230599810e-01 1.5054062e+11
3.237061009e-01 1.4890093e+11
3.243535131e-01 1.9641776e+11
3.250022202e-01 1.6924034e+11
3.256522246e-01 3.6613503e+11
3.263035291e-01 3.8561343e+11
3.269561361e-01 3.3115600e+11
3.276100484e-01 3.2116025e+11
3.282652685e-01 4.0838779e+11
3.289217990e-01 4.1869686e+11
3.295796426e-01 4.8715478e+11
3.302388019e-01 1.8425026e+11
3.308992795e-01 3.2353980e+11
3.315610781e-01 3.3530015e+11
3.322242002e-01 3.6370918e+11
3.328886486e-01 5.7815941e+11
3.335544259e-01 3.9826911e+11
3.342215348e-01 3.7160028e+11
3.348899778e-01 3.8548984e+11
3.355597578e-01 3.1199052e+11
3.362308773e-01 2.3246716e+11
3.369033391e-01 1.8806490e+11
3.375771457e-01 2.2328283e+11
3.382523000e-01 2.6460478e+11
3.389288046e-01 2.6796157e+11
3.396066622e-01 2.7105814e+11
3.402858756e-01 3.9775558e+11
3.409664473e-01 2.8230047e+11
3.416483802e-01 1.0070855e+11
3.423316770e-01 3.1073631e+11
3.430163403e-01 2.8086037e+11
3.437023730e-01 9.2490624e+10
3.443897778e-01 2.7457434e+10
3.450785573e-01 1.5276477e+11
3.457687144e-01 1.7838931e+11
3.464602519e-01 1.1253216e+11
3.471531724e-01 2.1289857e+11
3.478474787e-01 1.4901852e+11
3.485431737e-01 3.1749341e+11
3.492402600e-01 9.3269970e+10
3.499387405e-01 1.8533808e+11
3.506386180e-01 4.8318933e+11
3.513398952e-01 1.6866688e+11
3.520425750e-01 2.5653601e+11
3.527466602e-01 1.1889475e+11
3.534521535e-01 6.1791512e+11
3.541590578e-01 8.3889814e+11
3.548673759e-01 7.3219016e+11
3.555771107e-01 5.2157485e+11
3.562882649e-01 3.4073758e+11
3.570008414e-01 1.2680986e+11
3.577148431e-01 1.4378851e+11
3.584302728e-01 1.0469853e+11
3.591471333e-01 1.5859585e+11
3.598654276e-01 2.7063017e+11
3.605851585e-01 1.4686741e+11
3.613063288e-01 3.2468538e+11
3.620289414e-01 2.9503282e+11
3.627529993e-01 5.2821356e+11
3.634785053e-01 3.1300819e+11
3.642054623e-01 5.3742945e+11
3.649338733e-01 2.4806342e+11
3.656637410e-01 6.6629552e+11
3.663950685e-01 1.0468665e+12
3.671278586e-01 8.7637711e+11
3.678621143e-01 4.1597105e+11
3.685978386e-01 3.9667623e+11
3.693350342e-01 7.8467699e+11
3.700737043e-01 7.8850842e+11
3.708138517e-01 1.5919987e+11
3.715554794e-01 3.0194825e+11
3.722985904e-01 8.3360548e+10
3.730431876e-01 2.0069650e+11
3.737892739e-01 7.0270013e+10
3.745368525e-01 1.0261962e+11
3.752859262e-01 2.3971403e+11
3.760364980e-01 3.8617426e+11
3.767885710e-01 4.5988475e+11
3.775421482e-01 1.0253791e+12
3.782972325e-01 1.1472271e+12
3.790538269e-01 7.1439524e+11
3.798119346e-01 5.0784370e+11
3.805715585e-01 1.1244843e+12
3.813327016e-01 7.1660305e+11
3.820953670e-01 2.7097904e+11
3.828595577e-01 2.8891018e+11
3.836252768e-01 4.3603866e+11
3.843925274e-01 6.5298021e+11
3.851613124e-01 5.7329044e+11
3.859316351e-01 1.0750849e+11
3.867034983e-01 5.3278557e+11
3.874769053e-01 5.3992681e+11
3.882518591e-01 3.5919387e+11
3.890283629e-01 4.5184532e+11
3.898064196e-01 3.2683821e+11
3.905860324e-01 6.1170785e+11
3.913672045e-01 1.1800916e+12
3.921499389e-01 4.0931546e+11
3.929342388e-01 3.0767961e+11
3.937201073e-01 6.6839782e+11
3.945075475e-01 2.9478935e+11
3.952965626e-01 8.0251599e+11
3.960871557e-01 2.1781742e+11
3.968793300e-01 5.5462090e+11
3.976730887e-01 1.3507617e+12
3.984684348e-01 1.6894224e+12
3.992653717e-01 1.8104806e+12
4.000639025e-01 1.8822616e+12
4.008640303e-01 1.7296926e+12
4.016657583e-01 2.7484714e+12
4.024690898e-01 1.8111554e+12
4.032740280e-01 6.1211581e+11
4.040805761e-01 1.9974858e+12
4.048887372e-01 1.4542287e+12
4.056985147e-01 2.5331734e+12
4.065099117e-01 1.7539212e+12
4.073229316e-01 2.1747654e+12
4.081375774e-01 2.4206331e+12
4.089538526e-01 3.1821101e+12
4.097717603e-01 1.9254438e+12
4.105913038e-01 2.0297795e+12
4.114124864e-01 1.8345099e+12
4.122353114e-01 2.3506485e+12
4.130597820e-01 1.9198210e+12
4.138859016e-01 2.1564387e+12
4.147136734e-01 1.6673852e+12
4.155431007e-01 2.2641924e+12
4.163741869e-01 2.2655054e+12
4.172069353e-01 1.6200056e+12
4.180413492e-01 1.6547100e+12
4.188774319e-01 1.4193235e+12
4.197151867e-01 1.2702532e+12
4.205546171e-01 8.9101261e+11
4.213957263e-01 5.6385064e+11
4.222385178e-01 2.2118257e+11
4.230829948e-01 1.2783978e+11
4.239291608e-01 4.9218308e+11
4.247770191e-01 8.6317873e+11
4.256265732e-01 6.5487535e+11
4.264778263e-01 1.4385636e+12
4.273307820e-01 8.5324044e+11
4.281854435e-01 1.3492296e+12
4.290418144e-01 9.8323877e+11
4.298998980e-01 1.4266211e+12
4.307596978e-01 1.3235249e+12
4.316212172e-01 2.0023013e+12
4.324844597e-01 1.9719302e+12
4.333494286e-01 3.0292425e+12
4.342161275e-01 2.1895725e+12
4.350845597e-01 2.6033071e+12
4.359547288e-01 2.5973957e+12
4.368266383e-01 3.0017014e+12
4.377002916e-01 2.3124247e+12
4.385756921e-01 2.0147966e+12
4.394528435e-01 2.5996952e+12
4.403317492e-01 2.2717518e+12
4.412124127e-01 2.4928306e+12
4.420948375e-01 2.8401721e+12
4.429790272e-01 1.8437069e+12
4.438649853e-01 1.8487842e+12
4.447527152e-01 2.7162026e+12
4.456422207e-01 1.7595373e+12
4.465335051e-01 1.9217690e+12
4.474265721e-01 2.5953453e+12
4.483214253e-01 2.6415261e+12
4.492180681e-01 2.8436715e+12
4.501165043e-01 3.1689795e+12
4.510167373e-01 2.3020765e+12
4.519187707e-01 2.7971209e+12
4.528226083e-01 2.5145604e+12
4.537282535e-01 2.5262334e+12
4.546357100e-01 2.8570363e+12
4.555449814e-01 2.6387527e+12
4.564560714e-01 3.3961053e+12
4.573689835e-01 3.6620121e+12
4.582837215e-01 2.4570604e+12
4.592002889e-01 1.6072725e+12
4.601186895e-01 1.9820398e+12
4.610389269e-01 2.1683240e+12
4.619610047e-01 3.0559759e+12
4.628849268e-01 1.9243296e+12
4.638106966e-01 1.6977356e+12
4.647383180e-01 2.0860275e+12
4.656677946e-01 2.4022526e+12
4.665991302e-01 2.6016355e+12
4.675323285e-01 1.7694110e+12
4.684673931e-01 1.9570491e+12
4.694043279e-01 2.6414111e+12
4.703431366e-01 3.0333529e+12
4.712838229e-01 2.5782283e+12
4.722263905e-01 2.2974490e+12
4.731708433e-01 2.6872379e+12
4.741171850e-01 2.7797131e+12
4.750654193e-01 3.0545849e+12
4.760155502e-01 2.1368321e+12
4.769675813e-01 9.9618028e+11
4.779215164e-01 1.4238421e+12
4.788773595e-01 1.5879525e+12
4.798351142e-01 2.1853930e+12
4.807947844e-01 1.3171766e+12
4.817563740e-01 1.3831543e+12
4.827198867e-01 1.7168156e+12
4.836853265e-01 2.1996444e+12
4.846526972e-01 2.4834550e+12
4.856220026e-01 1.8101763e+12
4.865932466e-01 2.5600345e+12
4.875664331e-01 2.6947821e+12
4.885415659e-01 3.5374248e+12
4.895186491e-01 3.4190998e+12
4.904976864e-01 3.5033190e+12
4.914786817e-01 4.1375020e+12
4.924616391e-01 4.4430848e+12
4.934465624e-01 5.4445195e+12
4.944334555e-01 4.9782775e+12
4.954223224e-01 3.5049391e+12
4.964131671e-01 1.1356040e+12
4.974059934e-01 1.6570437e+12
4.984008054e-01 1.9579746e+12
4.993976070e-01 2.2059461e+12
5.003964022e-01 1.4125499e+12
5.013971950e-01 1.3389791e+12
5.023999894e-01 1.7273341e+12
5.034047894e-01 2.3840977e+12
5.044115990e-01 2.3738472e+12
5.054204221e-01 2.2643912e+12
5.064312630e-01 2.4098049e+12
5.074441255e-01 2.9898478e+12
5.084590138e-01 3.3102754e+12
5.094759318e-01 2.9635218e+12
5.104948837e-01 3.3978759e+12
5.115158734e-01 3.8817765e+12
5.125389052e-01 3.4466550e+12
5.135639830e-01 4.5213100e+12
5.145911110e-01 3.5870848e+12
5.156202932e-01 3.9071320e+12
5.166515338e-01 3.9620718e+12
5.176848368e-01 9.7750593e+11
5.187202065e-01 1.5322010e+12
5.197576469e-01 2.1968377e+12
5.207971622e-01 1.7140539e+12
5.218387565e-01 4.2510302e+12
5.228824340e-01 4.5102925e+12
5.239281989e-01 4.5969647e+12
5.249760553e-01 4.0584613e+12
5.260260074e-01 4.7864378e+12
5.270780594e-01 3.3950852e+12
5.281322156e-01 5.2927319e+12
5.291884800e-01 6.2608367e+12
5.302468569e-01 6.2442405e+12
5.313073507e-01 5.6758546e+12
5.323699654e-01 5.4822458e+12
5.334347053e-01 5.3337351e+12
5.345015747e-01 5.9391715e+12
5.355705779e-01 6.6966341e+12
5.366417190e-01 5.5923631e+12
5.377150024e-01 5.9685658e+12
5.387904325e-01 7.2297817e+12
5.398680133e-01 6.2077754e+12
5.409477493e-01 5.7861880e+12
5.420296448e-01 7.5181938e+12
5.431137041e-01 6.1684021e+12
5.441999315e-01 7.9661625e+12
5.452883314e-01 2.6365195e+12
5.463789081e-01 3.2181698e+12
5.474716659e-01 3.8630384e+12
5.485666092e-01 4.6759579e+12
5.496637424e-01 4.3568460e+12
5.507630699e-01 3.5395149e+12
5.518645961e-01 4.3360216e+12
5.529683252e-01 5.0691087e+12
5.540742619e-01 5.5464105e+12
5.551824104e-01 5.6300144e+12
5.562927752e-01 6.0691982e+12
5.574053608e-01 5.8194285e+12
5.585201715e-01 5.6603179e+12
5.596372119e-01 4.5301259e+12
5.607564863e-01 3.9415888e+12
5.618779993e-01 3.6885250e+12
5.630017553e-01 3.9972243e+12
5.641277588e-01 3.8345087e+12
5.652560143e-01 4.9218954e+12
5.663865263e-01 4.3216734e+12
5.675192994e-01 4.5700510e+12
5.686543380e-01 4.9425165e+12
5.697916466e-01 5.7061630e+12
5.709312299e-01 5.5262232e+12
5.720730924e-01 6.2771006e+12
5.732172386e-01 6.5602566e+12
5.743636731e-01 7.4545924e+12
5.755124004e-01 7.1973913e+12
5.766634252e-01 5.2118061e+12
5.778167520e-01 6.2121406e+12
5.789723856e-01 6.7876018e+12
5.801303303e-01 7.3000840e+12
5.812905910e-01 6.1021809e+12
5.824531722e-01 6.1145761e+12
5.836180785e-01 6.2261314e+12
5.847853147e-01 5.1609935e+12
5.859548853e-01 3.9716989e+12
5.871267951e-01 3.2471708e+12
5.883010487e-01 2.1207215e+12
5.894776508e-01 9.5050218e+11
5.906566061e-01 2.1036817e+12
5.918379193e-01 2.6878804e+12
5.930215951e-01 3.0549345e+12
5.942076383e-01 3.6453295e+12
5.953960536e-01 3.4323459e+12
5.965868457e-01 3.7647642e+12
5.977800194e-01 4.1455960e+12
5.989755794e-01 4.8892463e+12
6.001735306e-01 4.8479360e+12
6.013738776e-01 5.4279213e+12
6.025766254e-01 6.1840033e+12
6.037817786e-01 6.8060875e+12
6.049893422e-01 7.1287686e+12
6.061993209e-01 7.7530156e+12
6.074117195e-01 8.8183293e+12
6.086265430e-01 9.4186953e+12
6.098437960e-01 8.8681467e+12
6.110634836e-01 8.8119944e+12
6.122856106e-01 8.6780783e+12
6.135101818e-01 1.0345180e+13
6.147372022e-01 1.0342419e+13
6.159666766e-01 5.6831156e+12
6.171986099e-01 4.0310116e+12
6.184330072e-01 4.2433140e+12
6.196698732e-01 3.3313190e+12
6.209092129e-01 4.0842271e+12
6.221510314e-01 2.8686593e+12
6.233953334e-01 2.8692022e+12
6.246421241e-01 3.3016821e+12
6.258914083e-01 3.9468779e+12
6.271431911e-01 4.5305190e+12
6.283974775e-01 4.5308259e+12
6.296542725e-01 4.9515906e+12
6.309135810e-01 5.7028053e+12
6.321754082e-01 6.0420786e+12
6.334397590e-01 6.2788255e+12
6.347066385e-01 7.5167234e+12
6.359760518e-01 5.7829243e+12
6.372480039e-01 6.0114595e+12
6.385224999e-01 5.5468862e+12
6.397995449e-01 5.9744180e+12
6.410791440e-01 7.7749292e+12
6.423613023e-01 6.9995938e+12
6.436460249e-01 7.1650850e+12
6.449333169e-01 8.3288991e+12
6.462231836e-01 8.2736253e+12
6.475156299e-01 1.0170989e+13
6.488106612e-01 8.3353608e+12
6.501082825e-01 8.9148004e+12
6.514084991e-01 1.0543744e+13
6.527113161e-01 1.1226296e+13
6.540167387e-01 1.2313197e+13
6.553247722e-01 1.0138183e+13
6.566354217e-01 1.0629405e+13
6.579486926e-01 9.7320345e+12
6.592645900e-01 1.0796108e+13
6.605831192e-01 1.0357739e+13
6.619042854e-01 9.6994365e+12
6.632280940e-01 9.2898156e+12
6.645545502e-01 9.1732223e+12
6.658836593e-01 6.1303969e+12
6.672154266e-01 7.5704290e+12
6.685498574e-01 5.3102373e+12
6.698869571e-01 5.9033019e+12
6.712267311e-01 5.3256191e+12
6.725691845e-01 4.0371147e+12
6.739143229e-01 4.9345156e+12
6.752621515e-01 4.5717270e+12
6.766126758e-01 5.3499013e+12
6.779659012e-01 5.6126220e+12
6.793218330e-01 4.6444607e+12
6.806804767e-01 5.3960925e+12
6.820418376e-01 5.4029787e+12
6.834059213e-01 5.9914510e+12
6.847727331e-01 6.0284579e+12
6.861422786e-01 5.2971530e+12
6.875145631e-01 6.0708773e+12
6.888895923e-01 6.1433887e+12
6.902673715e-01 6.7266297e+12
6.916479062e-01 7.6391725e+12
6.930312020e-01 8.5233155e+12
6.944172644e-01 9.8611707e+12
6.958060989e-01 1.0810341e+13
6.971977111e-01 1.1717103e+13
6.985921066e-01 1.2511189e+13
6.999892908e-01 1.2563898e+13
7.013892694e-01 1.3987725e+13
7.027920479e-01 1.6095693e+13
7.041976320e-01 1.8608398e+13
7.056060273e-01 1.3592702e+13
7.070172393e-01 8.7259608e+12
7.084312738e-01 9.6887002e+12
7.098481363e-01 5.4017116e+12
7.112678326e-01 7.6253188e+12
7.126903683e-01 6.3220722e+12
7.141157490e-01 4.4178171e+12
7.155439805e-01 5.5879935e+12
7.169750685e-01 6.0719198e+12
7.184090186e-01 7.8862513e+12
7.198458367e-01 7.5975829e+12
7.212855283e-01 7.2751533e+12
7.227280994e-01 9.0892367e+12
7.241735556e-01 1.0506643e+13
7.256219027e-01 1.3118238e+13
7.270731465e-01 1.3676965e+13
7.285272928e-01 1.4751991e+13
7.299843474e-01 1.7029678e+13
7.314443161e-01 1.8950895e+13
7.329072047e-01 1.9899122e+13
7.343730191e-01 2.1611275e+13
7.358417651e-01 2.2844408e+13
7.373134487e-01 2.4948377e+13
7.387880756e-01 2.5566490e+13
7.402656517e-01 2.6363576e+13
7.417461830e-01 2.6525664e+13
7.432296754e-01 2.7537616e+13
7.447161347e-01 2.7137145e+13
7.462055670e-01 2.7358900e+13
7.476979782e-01 2.8521650e+13
7.491933741e-01 2.7703149e+13
7.506917609e-01 2.8655785e+13
7.521931444e-01 2.8900688e+13
7.536975307e-01 2.9155978e+13
7.552049257e-01 3.0486202e+13
7.567153356e-01 3.0170084e+13
7.582287663e-01 3.0248759e+13
7.597452238e-01 2.1983912e+13
7.612647142e-01 2.3403183e+13
7.627872437e-01 2.1921068e+13
7.643128181e-01 1.8893320e+13
7.658414438e-01 1.6342016e+13
7.673731267e-01 1.0613614e+13
7.689078729e-01 1.4181461e+13
7.704456887e-01 1.1219553e+13
7.719865800e-01 1.5651364e+13
7.735305532e-01 1.8872889e+13
7.750776143e-01 1.6147706e+13
7.766277695e-01 1.5955402e+13
7.781810251e-01 1.6868935e+13
7.797373871e-01 1.7403875e+13
7.812968619e-01 2.0277281e+13
7.828594556e-01 1.8312906e+13
7.844251745e-01 1.8639392e+13
7.859940249e-01 2.0443912e+13
7.875660129e-01 2.1351131e+13
7.891411450e-01 2.3553449e+13
7.907194273e-01 2.2910487e+13
7.923008661e-01 2.2892758e+13
7.938854678e-01 2.4563043e+13
7.954732388e-01 2.5383240e+13
7.970641853e-01 2.7533606e+13
7.986583136e-01 2.7179577e+13
8.002556303e-01 2.7860704e+13
8.018561415e-01 2.9351039e+13
8.034598538e-01 3.0064317e+13
8.050667735e-01 3.0656263e+13
8.066769071e-01 3.1280129e+13
8.082902609e-01 3.2282352e+13
8.099068414e-01 3.3381919e+13
8.115266551e-01 3.3084955e+13
8.131497084e-01 3.4521368e+13
8.147760078e-01 3.5689459e+13
8.164055598e-01 3.5229079e+13
8.180383709e-01 2.9414805e+13
8.196744477e-01 2.5262916e+13
8.213137966e-01 3.0373711e+13
8.229564242e-01 3.2738167e+13
8.246023370e-01 3.3693653e+13
8.262515417e-01 3.3386560e+13
8.279040448e-01 3.1015881e+13
8.295598529e-01 3.0979071e+13
8.312189726e-01 3.0650457e+13
8.328814105e-01 3.1072113e+13
8.345471733e-01 3.0800435e+13
8.362162677e-01 3.0473991e+13
8.378887002e-01 2.9888615e+13
8.395644776e-01 2.9509435e+13
8.412436066e-01 3.1120550e+13
8.429260938e-01 2.7986085e+13
8.446119460e-01 2.3236187e+13
8.463011699e-01 1.9601211e+13
8.479937722e-01 2.1162303e+13
8.496897597e-01 2.2630085e+13
8.513891393e-01 2.1810796e+13
8.530919175e-01 2.2846674e+13
8.547981014e-01 2.4221078e+13
8.565076976e-01 2.6010321e+13
8.582207130e-01 2.6618828e+13
8.599371544e-01 2.7363711e+13
8.616570287e-01 2.8635686e+13
8.633803428e-01 2.9945440e+13
8.651071035e-01 3.0418953e+13
8.668373177e-01 3.0012058e+13
8.685709923e-01 2.9915212e+13
8.703081343e-01 2.8374589e+13
8.720487505e-01 2.8268121e+13
8.737928480e-01 3.0604173e+13
8.755404337e-01 3.2058458e+13
8.772915146e-01 3.3032229e+13
8.790460976e-01 3.4588363e+13
8.808041898e-01 3.2766042e+13
8.825657982e-01 3.4342714e+13
8.843309298e-01 3.5619254e+13
8.860995917e-01 3.0562076e+13
8.878717909e-01 2.5319422e+13
8.896475344e-01 2.7266302e+13
8.914268295e-01 2.9739922e+13
8.932096832e-01 2.9868292e+13
8.949961025e-01 2.8498287e+13
8.967860947e-01 2.9546470e+13
8.985796669e-01 3.1324712e+13
9.003768263e-01 3.1821087e+13
9.021775799e-01 3.1078044e+13
9.039819351e-01 3.2714968e+13
9.057898989e-01 3.2742476e+13
9.076014787e-01 3.3951222e+13
9.094166817e-01 3.4041412e+13
9.112355151e-01 3.5798171e+13
9.130579861e-01 3.6377009e+13
9.148841021e-01 3.6223069e+13
9.167138703e-01 3.7680236e+13
9.185472980e-01 3.7924000e+13
9.203843926e-01 3.6788350e+13
9.222251614e-01 3.5291696e+13
9.240696117e-01 3.3771345e+13
9.259177509e-01 3.4007569e+13
9.277695864e-01 3.4321291e+13
9.296251256e-01 3.2408057e+13
9.314843759e-01 3.2514914e+13
9.333473446e-01 3.3143075e+13
9.352140393e-01 3.3463708e+13
9.370844674e-01 3.2893797e+13
9.389586363e-01 3.3013005e+13
9.408365536e-01 3.4046817e+13
9.427182267e-01 3.4683483e+13
9.446036631e-01 3.4398752e+13
9.464928705e-01 3.4650489e+13
9.483858562e-01 3.6059430e+13
9.502826279e-01 3.6043418e+13
9.521831932e-01 3.6181320e+13
9.540875596e-01 3.6104718e+13
9.559957347e-01 3.7090469e+13
9.579077262e-01 3.7796464e+13
9.598235416e-01 3.6238511e+13
9.617431887e-01 3.7968345e+13
9.636666751e-01 3.6366017e+13
9.655940084e-01 3.7336013e+13
9.675251964e-01 3.7088844e+13
9.694602468e-01 3.7905883e+13
9.713991673e-01 3.6944233e+13
9.733419657e-01 3.5962668e+13
9.752886496e-01 3.5947068e+13
9.772392269e-01 3.6605978e+13
9.791937053e-01 3.5453386e+13
9.811520928e-01 3.6949326e+13
9.831143969e-01 3.6135608e+13
9.850806257e-01 3.6980098e+13
9.870507870e-01 3.7147238e+13
9.890248886e-01 3.6120665e+13
9.910029383e-01 2.1709896e+13
9.929849442e-01 2.2996538e+13
9.949709141e-01 2.8041786e+13
9.969608559e-01 2.7499640e+13
9.989547776e-01 2.7219023e+13
1.000952687e+00 2.8875586e+13
1.002954593e+00 2.9734739e+13
1.004960502e+00 2.7875994e+13
1.006970423e+00 2.8670295e+13
1.008984364e+00 3.0964390e+13
1.011002332e+00 3.1216674e+13
1.013024337e+00 3.0874472e+13
1.015050386e+00 3.1010337e+13
1.017080486e+00 3.1151162e+13
1.019114647e+00 2.9507517e+13
1.021152877e+00 3.1781279e+13
1.023195182e+00 3.1049438e+13
1.025241573e+00 3.0904220e+13
1.027292056e+00 2.7268447e+13
1.029346640e+00 2.8684024e+13
1.031405333e+00 3.0788673e+13
1.033468144e+00 2.9800807e+13
1.035535080e+00 3.0692850e+13
1.037606150e+00 3.1713043e+13
1.039681363e+00 3.1625594e+13
1.041760726e+00 3.1842144e+13
1.043844247e+00 3.1080091e+13
1.045931935e+00 3.5079664e+13
1.048023799e+00 3.0866420e+13
1.050119847e+00 3.4273128e+13
1.052220087e+00 3.0737597e+13
1.054324527e+00 3.4664681e+13
1.056433176e+00 3.1090971e+13
1.058546042e+00 3.4885848e+13
1.060663134e+00 3.4258269e+13
1.062784461e+00 3.3471398e+13
1.064910029e+00 3.5000464e+13
1.067039850e+00 3.2791407e+13
1.069173929e+00 3.5186553e+13
1.071312277e+00 3.5747814e+13
1.073454902e+00 3.4968814e+13
1.075601811e+00 3.6288131e+13
1.077753015e+00 3.7061125e+13
1.079908521e+00 3.6687225e+13
1.082068338e+00 3.6309272e+13
1.084232475e+00 3.7100879e+13
1.086400940e+00 3.6915773e+13
1.088573742e+00 3.7328227e+13
1.090750889e+00 3.6876920e+13
1.092932391e+00 3.7332692e+13
1.095118256e+00 3.7444641e+13
1.097308492e+00 3.6442390e+13
1.099503109e+00 3.6698450e+13
1.101702115e+00 3.6459950e+13
1.103905520e+00 3.5513244e+13
1.106113331e+00 3.5719607e+13
1.108325557e+00 3.5787809e+13
1.110542208e+00 3.5707608e+13
1.112763293e+00 3.5743555e+13
1.114988819e+00 3.6139103e+13
1.117218797e+00 3.6310088e+13
1.119453235e+00 3.5924332e+13
1.121692141e+00 3.5845345e+13
1.123935525e+00 3.6571921e+13
1.126183396e+00 3.6034388e+13
1.128435763e+00 3.6167091e+13
1.130692635e+00 3.6186339e+13
1.132954020e+00 3.6650060e+13
1.135219928e+00 3.5881151e+13
1.137490368e+00 3.2740164e+13
1.139765349e+00 3.1247863e+13
1.142044879e+00 3.4581589e+13
1.144328969e+00 3.5798151e+13
1.146617627e+00 3.6029056e+13
1.148910862e+00 3.6206694e+13
1.151208684e+00 3.6662589e+13
1.153511101e+00 3.6189156e+13
1.155818124e+00 3.6212829e+13
1.158129760e+00 3.6354597e+13
1.160446019e+00 3.4789205e+13
1.162766911e+00 3.6246998e+13
1.165092445e+00 3.5496501e+13
1.167422630e+00 3.6278754e+13
1.169757475e+00 3.3660220e+13
1.172096990e+00 3.6159524e+13
1.174441184e+00 3.5704452e+13
1.176790067e+00 3.2066265e+13
1.179143647e+00 3.4805449e+13
1.181501934e+00 3.5766382e+13
1.183864938e+00 3.5115582e+13
1.186232668e+00 3.5640081e+13
1.188605133e+00 3.4071555e+13
1.190982344e+00 3.5722129e+13
1.193364308e+00 3.5274681e+13
1.195751037e+00 3.3732882e+13
1.198142539e+00 3.2480426e+13
1.200538824e+00 3.3261436e+13
1.202939902e+00 3.3853365e+13
1.205345781e+00 3.4673282e+13
1.207756473e+00 3.4303871e+13
1.210171986e+00 3.3839842e+13
1.212592330e+00 3.4096283e+13
1.215017515e+00 3.5016672e+13
1.217447550e+00 3.4977581e+13
1.219882445e+00 3.4343444e+13
1.222322210e+00 3.4318626e+13
1.224766854e+00 3.4673390e+13
1.227216388e+00 3.4873902e+13
1.229670820e+00 3.4778025e+13
1.232130162e+00 3.4124811e+13
1.234594422e+00 3.4294829e+13
1.237063611e+00 3.4223801e+13
1.239537739e+00 3.3317231e+13
1.242016814e+00 3.1707076e+13
1.244500848e+00 3.1774301e+13
1.246989849e+00 3.3282951e+13
1.249483829e+00 3.3397454e+13
1.251982797e+00 3.0856602e+13
1.254486762e+00 3.3187177e+13
1.256995736e+00 3.3352445e+13
1.259509727e+00 3.3246537e+13
1.262028747e+00 3.3363600e+13
1.264552804e+00 3.2890982e+13
1.267081910e+00 3.2685763e+13
1.269616074e+00 3.3165376e+13
1.272155306e+00 3.3745853e+13
1.274699616e+00 3.2673994e+13
1.277249016e+00 3.3224928e+13
1.279803514e+00 3.3332401e+13
1.282363121e+00 3.2239808e+13
1.284927847e+00 3.2581891e+13
1.287497703e+00 3.2515282e+13
1.290072698e+00 3.1921913e+13
1.292652843e+00 3.2350819e+13
1.295238149e+00 3.2609560e+13
1.297828625e+00 3.2840584e+13
1.300424283e+00 3.2504160e+13
1.303025131e+00 3.2863439e+13
1.305631181e+00 3.2833079e+13
1.308242444e+00 3.2270568e+13
1.310858929e+00 3.2668958e+13
1.313480647e+00 3.0822163e+13
1.316107608e+00 3.1605375e+13
1.318739823e+00 3.2699634e+13
1.321377303e+00 3.1804816e+13
1.324020057e+00 3.2058398e+13
1.326668097e+00 3.1544949e+13
1.329321434e+00 3.1093039e+13
1.331980077e+00 2.9610785e+13
1.334644037e+00 2.7631808e+13
1.337313325e+00 2.7273999e+13
1.339987951e+00 2.8017320e+13
1.342667927e+00 2.6920139e+13
1.345353263e+00 2.7392409e+13
1.348043970e+00 2.7173368e+13
1.350740058e+00 2.6904260e+13
1.353441538e+00 2.6854600e+13
1.356148421e+00 2.7104108e+13
1.358860718e+00 2.6987348e+13
1.361578439e+00 2.6436563e+13
1.364301596e+00 2.6725217e+13
1.367030199e+00 2.7183849e+13
1.369764260e+00 2.6938912e+13
1.372503788e+00 2.7123542e+13
1.375248796e+00 2.7376292e+13
1.377999293e+00 2.7254388e+13
1.380755292e+00 2.7764728e+13
1.383516802e+00 2.6800193e+13
1.386283836e+00 2.7040628e+13
1.389056404e+00 2.6289537e+13
1.391834517e+00 2.4742020e+13
1.394618186e+00 2.5468235e+13
1.397407422e+00 2.5105840e+13
1.400202237e+00 2.4888444e+13
1.403002641e+00 2.5787397e+13
1.405808647e+00 2.5254252e+13
1.408620264e+00 2.4861427e+13
1.411437504e+00 2.4186409e+13
1.414260379e+00 2.4511356e+13
1.417088900e+00 2.3867568e+13
1.419923078e+00 2.4270968e+13
1.422762924e+00 2.3680020e+13
1.425608450e+00 2.3873464e+13
1.428459667e+00 2.3515851e+13
1.431316586e+00 2.4287971e+13
1.434179219e+00 2.3702848e+13
1.437047578e+00 2.3860314e+13
1.439921673e+00 2.3532034e+13
1.442801516e+00 2.4254165e+13
1.445687119e+00 2.3586477e+13
1.448578494e+00 2.4046168e+13
1.451475651e+00 2.3784794e+13
1.454378602e+00 2.4059103e+13
1.457287359e+00 2.3442922e+13
1.460201934e+00 2.3604386e+13
1.463122338e+00 2.2872160e+13
1.466048582e+00 2.3455950e+13
1.468980679e+00 2.2302343e+13
1.471918641e+00 2.3323195e+13
1.474862478e+00 2.2822433e+13
1.477812203e+00 2.2782370e+13
1.480767827e+00 2.2449556e+13
1.483729363e+00 2.3147729e+13
1.486696822e+00 2.3263490e+13
1.489670215e+00 2.2390781e+13
1.492649556e+00 2.3253021e+13
1.495634855e+00 2.3070923e+13
1.498626125e+00 2.3371302e+13
1.501623377e+00 2.2209899e+13
1.504626624e+00 2.3020861e+13
1.507635877e+00 2.2993798e+13
1.510651149e+00 2.3295173e+13
1.513672451e+00 2.3011603e+13
1.516699796e+00 2.1988865e+13
1.519733196e+00 2.3377158e+13
1.522772662e+00 2.3621788e+13
1.525818207e+00 2.2704647e+13
1.528869844e+00 2.3053317e+13
1.531927583e+00 2.2811412e+13
1.534991438e+00 2.3318258e+13
1.538061421e+00 2.2927759e+13
1.541137544e+00 2.2262917e+13
1.544219819e+00 2.2983286e+13
1.547308259e+00 2.2973322e+13
1.550402875e+00 2.2849557e+13
1.553503681e+00 2.2942554e+13
1.556610689e+00 2.2590373e+13
1.559723910e+00 2.2998771e+13
1.562843358e+00 2.3226301e+13
1.565969044e+00 2.2858015e+13
1.569100983e+00 2.3254713e+13
1.572239185e+00 2.2757419e+13
1.575383663e+00 2.3135070e+13
1.578534430e+00 2.3219811e+13
1.581691499e+00 2.3508022e+13
1.584854882e+00 2.3277561e+13
1.588024592e+00 2.3327157e+13
1.591200641e+00 2.2786123e+13
1.594383042e+00 2.3584126e+13
1.597571808e+00 2.3652922e+13
1.600766952e+00 2.3529620e+13
1.603968486e+00 2.3350347e+13
1.607176423e+00 2.2779903e+13
1.610390776e+00 2.3609710e+13
1.613611557e+00 2.3366231e+13
1.616838780e+00 2.3236994e+13
1.620072458e+00 2.2407145e+13
1.623312603e+00 2.3262262e+13
1.626559228e+00 2.2977173e+13
1.629812347e+00 2.3613262e+13
1.633071971e+00 2.3489432e+13
1.636338115e+00 2.2996219e+13
1.639610791e+00 2.3442600e+13
1.642890013e+00 2.3527952e+13
1.646175793e+00 2.3032926e+13
1.649468145e+00 2.3546858e+13
1.652767081e+00 2.3087812e+13
1.656072615e+00 2.3759559e+13
1.659384760e+00 2.3340099e+13
1.662703530e+00 2.3419430e+13
1.666028937e+00 2.3027692e+13
1.669360995e+00 2.3305728e+13
1.672699717e+00 2.2514940e+13
1.676045116e+00 2.2477032e+13
1.679397206e+00 2.3343393e+13
1.682756001e+00 2.3270465e+13
1.686121513e+00 2.2844869e+13
1.689493756e+00 2.2072360e+13
1.692872743e+00 2.2667790e+13
1.696258489e+00 2.2392953e+13
1.699651006e+00 2.2317577e+13
1.703050308e+00 2.2211261e+13
1.706456408e+00 2.1546115e+13
1.709869321e+00 2.0575895e+13
1.713289060e+00 2.1001093e+13
1.716715638e+00 2.0585294e+13
1.720149069e+00 2.0271290e+13
1.723589367e+00 2.0247605e+13
1.727036546e+00 2.0157928e+13
1.730490619e+00 1.9671591e+13
1.733951600e+00 1.9252186e+13
1.737419504e+00 1.9516516e+13
1.740894343e+00 1.9001784e+13
1.744376131e+00 1.8819752e+13
1.747864884e+00 1.8734483e+13
1.751360613e+00 1.8384615e+13
1.754863335e+00 1.7587663e+13
1.758373061e+00 1.7604717e+13
1.761889807e+00 1.7336295e+13
1.765413587e+00 1.7748528e+13
1.768944414e+00 1.6950222e+13
1.772482303e+00 1.6777140e+13
1.776027268e+00 1.6276530e+13
1.779579322e+00 1.6237434e+13
1.783138481e+00 1.6123709e+13
1.786704758e+00 1.5433451e+13
1.790278167e+00 1.5708512e+13
1.793858724e+00 1.5526397e+13
1.797446441e+00 1.5679252e+13
1.801041334e+00 1.4605803e+13
1.804643417e+00 1.4936734e+13
1.808252703e+00 1.5098227e+13
1.811869209e+00 1.4450947e+13
1.815492947e+00 1.5246012e+13
1.819123933e+00 1.4337820e+13
1.822762181e+00 1.4848551e+13
1.826407705e+00 1.4136672e+13
1.830060521e+00 1.4738987e+13
1.833720642e+00 1.4208462e+13
1.837388083e+00 1.4280323e+13
1.841062859e+00 1.3918756e+13
1.844744985e+00 1.3400770e+13
1.848434475e+00 1.2714683e+13
1.852131344e+00 1.3572129e+13
1.855835607e+00 1.3082695e+13
1.859547278e+00 1.2041614e+13
1.863266372e+00 1.3025653e+13
1.866992905e+00 1.2949598e+13
1.870726891e+00 1.3338281e+13
1.874468345e+00 1.2744389e+13
1.878217281e+00 1.2524734e+13
1.881973716e+00 1.3404781e+13
1.885737663e+00 1.3045726e+13
1.889509139e+00 1.3198416e+13
1.893288157e+00 1.2321435e+13
1.897074733e+00 1.3061529e+13
1.900868883e+00 1.3416109e+13
1.904670621e+00 1.2843146e+13
1.908479962e+00 1.3000358e+13
1.912296922e+00 1.2916483e+13
1.916121516e+00 1.2846120e+13
1.919953759e+00 1.2829795e+13
1.923793666e+00 1.2673237e+13
1.927641253e+00 1.2655025e+13
1.931496536e+00 1.1306014e+13
1.935359529e+00 1.2585725e+13
1.939230248e+00 1.2162255e+13
1.943108709e+00 1.1879791e+13
1.946994926e+00 1.0873404e+13
1.950888916e+00 1.1202132e+13
1.954790694e+00 1.1795421e+13
1.958700275e+00 1.2611047e+13
1.962617676e+00 1.2042822e+13
1.966542911e+00 1.2013564e+13
1.970475997e+00 1.2122265e+13
1.974416949e+00 1.1357400e+13
1.978365783e+00 9.9023128e+12
1.982322514e+00 1.1111297e+13
1.986287159e+00 1.0548306e+13
1.990259734e+00 1.0987765e+13
1.994240253e+00 1.1204389e+13
1.998228734e+00 1.1018000e+13
2.002225191e+00 1.1464937e+13
2.006229641e+00 1.1360855e+13
2.010242101e+00 1.0991825e+13
2.014262585e+00 1.1072967e+13
2.018291110e+00 1.0872259e+13
2.022327692e+00 1.1297731e+13
2.026372348e+00 1.0801134e+13
2.030425092e+00 1.0960466e+13
2.034485943e+00 1.0828638e+13
2.038554914e+00 1.1028397e+13
2.042632024e+00 1.0905700e+13
2.046717288e+00 1.0844690e+13
2.050810723e+00 1.0727715e+13
2.054912344e+00 1.0767122e+13
2.059022169e+00 1.0899050e+13
2.063140213e+00 1.0510785e+13
2.067266494e+00 1.0677990e+13
2.071401027e+00 1.0810341e+13
2.075543829e+00 1.0595077e+13
2.079694917e+00 1.0630966e+13
2.083854306e+00 1.0603888e+13
2.088022015e+00 1.0535355e+13
2.092198059e+00 1.0790922e+13
2.096382455e+00 1.0571534e+13
2.100575220e+00 1.0578509e+13
2.104776370e+00 1.0704268e+13
2.108985923e+00 1.0619938e+13
2.113203895e+00 1.0569565e+13
2.117430303e+00 1.0512348e+13
2.121665163e+00 1.0635042e+13
2.125908494e+00 1.0603086e+13
2.130160311e+00 1.0597195e+13
2.134420631e+00 1.0634705e+13
2.138689473e+00 1.0492196e+13
2.142966852e+00 1.0679472e+13
2.147252785e+00 1.0660719e+13
2.151547291e+00 1.0475923e+13
2.155850385e+00 1.0669553e+13
2.160162086e+00 1.0640166e+13
2.164482410e+00 1.0579289e+13
2.168811375e+00 1.0678265e+13
2.173148998e+00 1.0587418e+13
2.177495296e+00 1.0414411e+13
2.181850287e+00 1.0530940e+13
2.186213987e+00 1.0551711e+13
2.190586415e+00 1.0503150e+13
2.194967588e+00 1.0503539e+13
2.199357523e+00 1.0518188e+13
2.203756238e+00 1.0244333e+13
2.208163751e+00 9.6561377e+12
2.212580078e+00 1.0438799e+13
2.217005238e+00 1.0434995e+13
2.221439249e+00 1.0302533e+13
2.225882127e+00 1.0395666e+13
2.230333892e+00 1.0360551e+13
2.234794559e+00 1.0251911e+13
2.239264148e+00 1.0387086e+13
2.243742677e+00 1.0269957e+13
2.248230162e+00 1.0251428e+13
2.252726622e+00 1.0247854e+13
2.257232076e+00 1.0172857e+13
2.261746540e+00 9.8259371e+12
2.266270033e+00 9.8886037e+12
2.270802573e+00 1.0014562e+13
2.275344178e+00 1.0087645e+13
2.279894866e+00 9.9515731e+12
2.284454656e+00 9.9293720e+12
2.289023566e+00 9.9841011e+12
2.293601613e+00 8.9264577e+12
2.298188816e+00 9.0828209e+12
2.302785193e+00 9.1765009e+12
2.307390764e+00 9.2412325e+12
2.312005545e+00 9.1457864e+12
2.316629556e+00 9.1392203e+12
2.321262816e+00 8.6967694e+12
2.325905341e+00 8.3532802e+12
2.330557152e+00 8.5307074e+12
2.335218266e+00 8.4160818e+12
2.339888703e+00 8.2970325e+12
2.344568480e+00 8.5433077e+12
2.349257617e+00 8.5393863e+12
2.353956132e+00 7.6750828e+12
2.358664045e+00 8.0269608e+12
2.363381373e+00 8.0754292e+12
2.368108135e+00 8.1204238e+12
2.372844352e+00 8.1822615e+12
2.377590040e+00 7.9663007e+12
2.382345221e+00 7.5364361e+12
2.387109911e+00 7.3608040e+12
2.391884131e+00 7.6392131e+12
2.396667899e+00 7.4717424e+12
2.401461235e+00 7.3394904e+12
2.406264157e+00 7.0837608e+12
2.411076686e+00 7.0338302e+12
2.415898839e+00 6.6927238e+12
2.420730637e+00 6.8487045e+12
2.425572098e+00 6.7193979e+12
2.430423242e+00 6.6569568e+12
2.435284089e+00 6.3565022e+12
2.440154657e+00 6.5036891e+12
2.445034966e+00 6.3342667e+12
2.449925036e+00 6.0959364e+12
2.454824886e+00 5.9372806e+12
2.459734536e+00 5.9007432e+12
2.464654005e+00 6.1519330e+12
2.469583313e+00 5.7733189e+12
2.474522480e+00 5.6586476e+12
2.479471525e+00 5.6261977e+12
2.484430468e+00 5.6976693e+12
2.489399329e+00 5.2739652e+12
2.494378127e+00 5.5384793e+12
2.499366883e+00 5.3068763e+12
2.504365617e+00 5.0794138e+12
2.509374348e+00 5.4198447e+12
2.514393097e+00 4.9804324e+12
2.519421883e+00 5.2975718e+12
2.524460727e+00 5.0963218e+12
2.529509649e+00 5.0322323e+12
2.534568668e+00 5.0081814e+12
2.539637805e+00 4.9211465e+12
2.544717081e+00 4.9208889e+12
2.549806515e+00 4.9601101e+12
2.554906128e+00 4.9227494e+12
2.560015940e+00 4.8656234e+12
2.565135972e+00 4.7731002e+12
2.570266244e+00 4.9937445e+12
2.575406777e+00 4.5909842e+12
2.580557590e+00 4.8112474e+12
2.585718705e+00 4.8719727e+12
2.590890143e+00 4.7458976e+12
2.596071923e+00 4.7001406e+12
2.601264067e+00 4.8831073e+12
2.606466595e+00 4.6951893e+12
2.611679528e+00 4.9454216e+12
2.616902887e+00 4.6984374e+12
2.622136693e+00 4.7458705e+12
2.627380966e+00 4.7699087e+12
2.632635728e+00 4.5995787e+12
2.637901000e+00 4.7929136e+12
2.643176802e+00 4.5935103e+12
2.648463155e+00 4.6645107e+12
2.653760082e+00 4.7541391e+12
2.659067602e+00 4.7700100e+12
2.664385737e+00 4.7468786e+12
2.669714509e+00 4.6137834e+12
2.675053938e+00 4.4977103e+12
2.680404045e+00 4.5982173e+12
2.685764854e+00 4.4525352e+12
2.691136383e+00 4.5100744e+12
2.696518656e+00 4.2300976e+12
2.701911693e+00 4.4813365e+12
2.707315517e+00 4.2837558e+12
2.712730148e+00 4.1431210e+12
2.718155608e+00 4.1970671e+12
2.723591919e+00 4.0604861e+12
2.729039103e+00 4.1181064e+12
2.734497181e+00 4.0908598e+12
2.739966176e+00 3.9204441e+12
2.745446108e+00 4.0946257e+12
2.750937000e+00 3.9833920e+12
2.756438874e+00 3.9460589e+12
2.761951752e+00 3.9943139e+12
2.767475655e+00 3.7574535e+12
2.773010607e+00 3.9807167e+12
2.778556628e+00 3.7896108e+12
2.784113741e+00 3.7214153e+12
2.789681969e+00 3.7586789e+12
2.795261333e+00 3.8844769e+12
2.800851855e+00 3.7063108e+12
2.806453559e+00 3.5539569e+12
2.812066466e+00 3.7066679e+12
2.817690599e+00 3.5541356e+12
2.823325980e+00 3.5372607e+12
2.828972632e+00 3.6908357e+12
2.834630578e+00 3.5501913e+12
2.840299839e+00 3.5441220e+12
2.845980438e+00 3.5899901e+12
2.851672399e+00 3.3764944e+12
2.857375744e+00 3.4901311e+12
2.863090496e+00 3.5639484e+12
2.868816676e+00 3.3834685e+12
2.874554310e+00 3.4287044e+12
2.880303418e+00 3.4850719e+12
2.886064025e+00 3.3741980e+12
2.891836153e+00 3.3458250e+12
2.897619826e+00 3.4551755e+12
2.903415065e+00 3.3630696e+12
2.909221895e+00 3.0828982e+12
2.915040339e+00 3.4297091e+12
2.920870420e+00 3.1732890e+12
2.926712161e+00 3.1101311e+12
2.932565585e+00 3.3401581e+12
2.938430716e+00 3.2391907e+12
2.944307578e+00 3.0480542e+12
2.950196193e+00 3.1581597e+12
2.956096585e+00 3.1482679e+12
2.962008778e+00 3.0949655e+12
2.967932796e+00 3.0377363e+12
2.973868662e+00 3.1270497e+12
2.979816399e+00 3.1461836e+12
2.985776032e+00 3.0017889e+12
2.991747584e+00 3.0251877e+12
2.997731079e+00 3.0943919e+12
3.003726541e+00 2.9876808e+12
3.009733994e+00 2.7957262e+12
3.015753462e+00 3.1305642e+12
3.021784969e+00 2.9869066e+12
3.027828539e+00 2.8864780e+12
3.033884196e+00 2.9538723e+12
3.039951964e+00 3.0111467e+12
3.046031868e+00 2.8304588e+12
3.052123932e+00 2.7925593e+12
3.058228180e+00 2.9970490e+12
3.064344636e+00 2.8949358e+12
3.070473326e+00 2.7657133e+12
3.076614272e+00 2.9054588e+12
3.082767501e+00 2.8694282e+12
3.088933036e+00 2.7509215e+12
3.095110902e+00 2.7494202e+12
3.101301124e+00 2.9238715e+12
3.107503726e+00 2.8024430e+12
3.113718733e+00 2.7185942e+12
3.119946171e+00 2.7762377e+12
3.126186063e+00 2.8511564e+12
3.132438435e+00 2.6202474e+12
3.138703312e+00 2.7870652e+12
3.144980719e+00 2.7279759e+12
3.151270680e+00 2.7486959e+12
3.157573222e+00 2.6587813e+12
3.163888368e+00 2.7493420e+12
3.170216145e+00 2.6874216e+12
3.176556577e+00 2.6232213e+12
3.182909690e+00 2.6884379e+12
3.189275510e+00 2.6891221e+12
3.195654061e+00 2.6196721e+12
3.202045369e+00 2.5503402e+12
3.208449459e+00 2.7422665e+12
3.214866358e+00 2.6698068e+12
3.221296091e+00 2.5839601e+12
3.227738683e+00 2.5922151e+12
3.234194161e+00 2.6578808e+12
3.240662549e+00 2.5556000e+12
3.247143874e+00 2.5756802e+12
3.253638162e+00 2.5990957e+12
3.260145438e+00 2.6493318e+12
3.266665729e+00 2.5800094e+12
3.273199061e+00 2.5605708e+12
3.279745459e+00 2.5267895e+12
3.286304950e+00 2.5352792e+12
3.292877559e+00 2.5083340e+12
3.299463315e+00 2.5460749e+12
3.306062241e+00 2.5468271e+12
3.312674366e+00 2.5189055e+12
3.319299714e+00 2.4914309e+12
3.325938314e+00 2.5686454e+12
3.332590190e+00 2.5525252e+12
3.339255371e+00 2.4211997e+12
3.345933882e+00 2.4764883e+12
3.352625749e+00 2.4764227e+12
3.359331001e+00 2.4749764e+12
3.366049663e+00 2.4750943e+12
3.372781762e+00 2.4649654e+12
3.379527326e+00 2.4265139e+12
3.386286380e+00 2.4652786e+12
3.393058953e+00 2.4029464e+12
3.399845071e+00 2.4036706e+12
3.406644761e+00 2.3962593e+12
3.413458051e+00 2.3883891e+12
3.420284967e+00 2.3951278e+12
3.427125537e+00 2.4124420e+12
3.433979788e+00 2.4109393e+12
3.440847747e+00 2.3719901e+12
3.447729443e+00 2.3698819e+12
3.454624902e+00 2.3224284e+12
3.461534152e+00 2.3213306e+12
3.468457220e+00 2.3670607e+12
3.475394134e+00 2.3711477e+12
3.482344923e+00 2.3192133e+12
3.489309612e+00 2.2937034e+12
3.496288232e+00 2.3120309e+12
3.503280808e+00 2.3400645e+12
3.510287370e+00 2.2908239e+12
3.517307944e+00 2.2468149e+12
3.524342560e+00 2.2220661e+12
3.531391245e+00 2.3036015e+12
3.538454028e+00 2.2550549e+12
3.545530936e+00 2.2525211e+12
3.552621998e+00 2.2397797e+12
3.559727242e+00 2.2328498e+12
3.566846696e+00 2.2351476e+12
3.573980390e+00 2.1477668e+12
3.581128351e+00 2.2214589e+12
3.588290607e+00 2.1743321e+12
3.595467188e+00 2.1812169e+12
3.602658123e+00 2.1624075e+12
3.609863439e+00 2.2068317e+12
3.617083166e+00 2.1572989e+12
3.624317332e+00 2.1430679e+12
3.631565967e+00 2.1517889e+12
3.638829099e+00 2.0726879e+12
3.646106757e+00 2.1543920e+12
3.653398971e+00 2.0985818e+12
3.660705769e+00 2.0378470e+12
3.668027180e+00 2.1103239e+12
3.675363234e+00 2.0742914e+12
3.682713961e+00 2.0755138e+12
3.690079389e+00 2.0831056e+12
3.697459548e+00 2.0176236e+12
3.704854467e+00 2.0089902e+12
3.712264176e+00 2.0526190e+12
3.719688704e+00 2.0260821e+12
3.727128081e+00 2.0599995e+12
3.734582338e+00 1.9285704e+12
3.742051502e+00 1.9936209e+12
3.749535605e+00 2.0422930e+12
3.757034676e+00 2.0056983e+12
3.764548746e+00 1.9584134e+12
3.772077843e+00 1.9395691e+12
3.779621999e+00 1.9602224e+12
3.787181243e+00 1.9691053e+12
3.794755605e+00 1.9690467e+12
3.802345117e+00 1.9416261e+12
3.809949807e+00 1.8694868e+12
3.817569707e+00 1.9277419e+12
3.825204846e+00 1.9105836e+12
3.832855256e+00 1.8715823e+12
3.840520966e+00 1.8777233e+12
3.848202008e+00 1.8576627e+12
3.855898412e+00 1.8485918e+12
3.863610209e+00 1.8721280e+12
3.871337429e+00 1.8456399e+12
3.879080104e+00 1.8329445e+12
3.886838264e+00 1.8212868e+12
3.894611941e+00 1.7688677e+12
3.902401165e+00 1.8087080e+12
3.910205967e+00 1.7739185e+12
3.918026379e+00 1.7736701e+12
3.925862432e+00 1.7878979e+12
3.933714157e+00 1.7296186e+12
3.941581585e+00 1.7497106e+12
3.949464748e+00 1.7238974e+12
3.957363678e+00 1.7293625e+12
3.965278405e+00 1.7012539e+12
3.973208962e+00 1.6820698e+12
3.981155380e+00 1.6326308e+12
3.989117691e+00 1.6335051e+12
3.997095926e+00 1.6465895e+12
4.005090118e+00 1.6159057e+12
4.013100298e+00 1.6098309e+12
4.021126499e+00 1.5665624e+12
4.029168752e+00 1.5881085e+12
4.037227089e+00 1.5735581e+12
4.045301543e+00 1.5117578e+12
4.053392146e+00 1.5394284e+12
4.061498931e+00 1.5044720e+12
4.069621928e+00 1.5057504e+12
4.077761172e+00 1.4655654e+12
4.085916695e+00 1.4394185e+12
4.094088528e+00 1.4398719e+12
4.102276705e+00 1.4662505e+12
4.110481259e+00 1.4312807e+12
4.118702221e+00 1.4179812e+12
4.126939626e+00 1.3934400e+12
4.135193505e+00 1.3989560e+12
4.143463892e+00 1.3953949e+12
4.151750820e+00 1.4061195e+12
4.160054321e+00 1.3469817e+12
4.168374430e+00 1.3171311e+12
4.176711179e+00 1.3555643e+12
4.185064601e+00 1.3241275e+12
4.193434730e+00 1.3436797e+12
4.201821600e+00 1.3114067e+12
4.210225243e+00 1.2972735e+12
4.218645693e+00 1.2827182e+12
4.227082985e+00 1.2985974e+12
4.235537151e+00 1.3082141e+12
4.244008225e+00 1.2561534e+12
4.252496242e+00 1.2412118e+12
4.261001234e+00 1.2396749e+12
4.269523236e+00 1.2289629e+12
4.278062283e+00 1.2374894e+12
4.286618407e+00 1.2313163e+12
4.295191644e+00 1.1656274e+12
4.303782028e+00 1.1536250e+12
4.312389592e+00 1.1651554e+12
4.321014371e+00 1.1450541e+12
4.329656400e+00 1.1452728e+12
4.338315712e+00 1.1360389e+12
4.346992344e+00 1.1041995e+12
4.355686328e+00 1.0914046e+12
4.364397701e+00 1.0770400e+12
4.373126497e+00 1.0762300e+12
4.381872750e+00 1.0522037e+12
4.390636495e+00 1.0694777e+12
4.399417768e+00 1.0432674e+12
4.408216604e+00 1.0152584e+12
4.417033037e+00 1.0191830e+12
4.425867103e+00 9.9361607e+11
4.434718837e+00 9.9419838e+11
4.443588275e+00 9.9446405e+11
4.452475451e+00 9.7323793e+11
4.461380402e+00 9.8584159e+11
4.470303163e+00 9.4278042e+11
4.479243769e+00 9.4573435e+11
4.488202257e+00 9.6533982e+11
4.497178661e+00 9.1158807e+11
4.506173019e+00 9.4658810e+11
4.515185365e+00 9.2293155e+11
4.524215735e+00 9.0096404e+11
4.533264167e+00 9.1777529e+11
4.542330695e+00 8.8651732e+11
4.551415357e+00 9.1112055e+11
4.560518187e+00 8.9067608e+11
4.569639224e+00 8.5400358e+11
4.578778502e+00 8.8197231e+11
4.587936059e+00 8.7165898e+11
4.597111931e+00 8.5470852e+11
4.606306155e+00 8.4057954e+11
4.615518767e+00 8.5987110e+11
4.624749805e+00 8.4663539e+11
4.633999305e+00 8.2892023e+11
4.643267303e+00 8.3413670e+11
4.652553838e+00 8.3123413e+11
4.661858946e+00 8.2984578e+11
4.671182663e+00 7.9988603e+11
4.680525029e+00 8.1806260e+11
4.689886079e+00 8.1528650e+11
4.699265851e+00 7.9815672e+11
4.708664383e+00 7.9831774e+11
4.718081711e+00 7.9043456e+11
4.727517875e+00 7.9611222e+11
4.736972911e+00 7.6363612e+11
4.746446856e+00 7.8359213e+11
4.755939750e+00 7.7706050e+11
4.765451630e+00 7.6088467e+11
4.774982533e+00 7.3780769e+11
4.784532498e+00 7.5327621e+11
4.794101563e+00 7.5360825e+11
4.803689766e+00 7.3926159e+11
4.813297146e+00 7.2329603e+11
4.822923740e+00 7.4406322e+11
4.832569587e+00 7.2499746e+11
4.842234727e+00 7.2827181e+11
4.851919196e+00 7.1582416e+11
4.861623034e+00 7.1266081e+11
4.871346280e+00 7.0617978e+11
4.881088973e+00 7.0136776e+11
4.890851151e+00 7.0143476e+11
4.900632853e+00 6.9791978e+11
4.910434119e+00 6.9509964e+11
4.920254987e+00 6.8996861e+11
4.930095497e+00 6.7146374e+11
4.939955688e+00 6.6475335e+11
4.949835600e+00 6.6017987e+11
4.959735271e+00 6.6108289e+11
4.969654741e+00 6.4589836e+11
4.979594051e+00 6.5363234e+11
4.989553239e+00 6.6002958e+11
4.999532345e+00 6.1832261e+11
5.009531410e+00 6.4539430e+11
5.019550473e+00 6.0768833e+11
5.029589574e+00 6.1517181e+11
5.039648753e+00 6.1414648e+11
5.049728050e+00 6.2513664e+11
5.059827507e+00 6.1241202e+11
5.069947162e+00 6.1104964e+11
5.080087056e+00 5.8819397e+11
5.090247230e+00 5.8755557e+11
5.100427724e+00 6.0655021e+11
5.110628580e+00 5.8252306e+11
5.120849837e+00 5.8244976e+11
5.131091537e+00 5.7244685e+11
5.141353720e+00 5.6518375e+11
5.151636427e+00 5.8765068e+11
5.161939700e+00 5.5455316e+11
5.172263580e+00 5.5478413e+11
5.182608107e+00 5.6129133e+11
5.192973323e+00 5.6119657e+11
5.203359270e+00 5.4563240e+11
5.213765988e+00 5.4946513e+11
5.224193520e+00 5.4128114e+11
5.234641907e+00 5.3921062e+11
5.245111191e+00 5.3108802e+11
5.255601413e+00 5.3053654e+11
5.266112616e+00 5.2866281e+11
5.276644841e+00 5.1512652e+11
5.287198131e+00 5.2226055e+11
5.297772527e+00 5.1280919e+11
5.308368072e+00 5.0870237e+11
5.318984809e+00 4.9759708e+11
5.329622778e+00 5.2096575e+11
5.340282024e+00 4.9605881e+11
5.350962588e+00 4.8716973e+11
5.361664513e+00 4.9675316e+11
5.372387842e+00 4.9949302e+11
5.383132618e+00 4.8681752e+11
5.393898883e+00 4.8939856e+11
5.404686681e+00 4.7509730e+11
5.415496054e+00 4.6925799e+11
5.426327046e+00 4.5929052e+11
5.437179700e+00 4.7387878e+11
5.448054060e+00 4.6945321e+11
5.458950168e+00 4.6087815e+11
5.469868068e+00 4.6374779e+11
5.480807804e+00 4.5520697e+11
5.491769420e+00 4.5550223e+11
5.502752959e+00 4.6280421e+11
5.513758465e+00 4.4421378e+11
5.524785981e+00 4.3258150e+11
5.535835553e+00 4.4946348e+11
5.546907225e+00 4.3050518e+11
5.558001039e+00 4.4010360e+11
5.569117041e+00 4.2687619e+11
5.580255275e+00 4.2836237e+11
5.591415786e+00 4.3389443e+11
5.602598617e+00 4.2889007e+11
5.613803814e+00 4.1821659e+11
5.625031422e+00 4.2185216e+11
5.636281485e+00 4.1873129e+11
5.647554048e+00 4.0919455e+11
5.658849156e+00 4.1084747e+11
5.670166854e+00 4.0669162e+11
5.681507188e+00 4.0187599e+11
5.692870202e+00 3.9963945e+11
5.704255943e+00 4.0957607e+11
5.715664455e+00 3.8250374e+11
5.727095784e+00 3.9618091e+11
5.738549975e+00 3.8419155e+11
5.750027075e+00 3.9799728e+11
5.761527129e+00 3.8987651e+11
5.773050184e+00 3.8619748e+11
5.784596284e+00 3.8117601e+11
5.796165476e+00 3.7774829e+11
5.807757807e+00 3.8916396e+11
5.819373323e+00 3.7376282e+11
5.831012070e+00 3.6635267e+11
5.842674094e+00 3.6725930e+11
5.854359442e+00 3.6962760e+11
5.866068161e+00 3.7862179e+11
5.877800297e+00 3.5725651e+11
5.889555898e+00 3.7556698e+11
5.901335010e+00 3.4745320e+11
5.913137680e+00 3.6261832e+11
5.924963955e+00 3.6517318e+11
5.936813883e+00 3.5310760e+11
5.948687511e+00 3.5283080e+11
5.960584886e+00 3.5488927e+11
5.972506055e+00 3.4111741e+11
5.984451068e+00 3.4787601e+11
5.996419970e+00 3.4967874e+11
6.008412810e+00 3.5105763e+11
6.020429635e+00 3.3750078e+11
6.032470495e+00 3.3771849e+11
6.044535436e+00 3.2681669e+11
6.056624506e+00 3.3355494e+11
6.068737755e+00 3.4180096e+11
6.080875231e+00 3.3842031e+11
6.093036981e+00 3.3073872e+11
6.105223055e+00 3.2724206e+11
6.117433501e+00 3.1744722e+11
6.129668368e+00 3.3348555e+11
6.141927705e+00 3.2756065e+11
6.154211561e+00 3.2197620e+11
6.166519984e+00 3.1781461e+11
6.178853024e+00 3.1605571e+11
6.191210730e+00 3.2046955e+11
6.203593151e+00 3.1345086e+11
6.216000338e+00 3.1288578e+11
6.228432338e+00 3.1747268e+11
6.240889203e+00 3.0527889e+11
6.253370981e+00 3.0988681e+11
6.265877723e+00 3.0035971e+11
6.278409479e+00 3.0412044e+11
6.290966298e+00 3.0172899e+11
6.303548230e+00 2.9995136e+11
6.316155327e+00 2.9792547e+11
6.328787637e+00 2.9317970e+11
6.341445213e+00 2.9378137e+11
6.354128103e+00 2.8366178e+11
6.366836359e+00 2.9174593e+11
6.379570032e+00 2.7889731e+11
6.392329172e+00 2.8201630e+11
6.405113830e+00 2.7449334e+11
6.417924058e+00 2.7176002e+11
6.430759906e+00 2.7133413e+11
6.443621426e+00 2.6657585e+11
6.456508669e+00 2.5936191e+11
6.469421686e+00 2.4777938e+11
6.482360530e+00 2.4644556e+11
6.495325251e+00 2.4766488e+11
6.508315901e+00 2.4699544e+11
6.521332533e+00 2.4223602e+11
6.534375198e+00 2.3857121e+11
6.547443948e+00 2.3572707e+11
6.560538836e+00 2.2960722e+11
6.573659914e+00 2.3052846e+11
6.586807234e+00 2.2844495e+11
6.599980848e+00 2.1743448e+11
6.613180810e+00 2.2254839e+11
6.626407172e+00 2.1143230e+11
6.639659986e+00 2.1498703e+11
6.652939306e+00 2.1563354e+11
6.666245184e+00 2.1480566e+11
6.679577675e+00 2.1162166e+11
6.692936830e+00 2.0790744e+11
6.706322704e+00 2.1581355e+11
6.719735349e+00 2.0939453e+11
6.733174820e+00 2.0983464e+11
6.746641170e+00 2.0477083e+11
6.760134452e+00 2.0363316e+11
6.773654721e+00 2.0221267e+11
6.787202030e+00 1.9617545e+11
6.800776434e+00 2.0206329e+11
6.814377987e+00 1.9223058e+11
6.828006743e+00 1.9587931e+11
6.841662757e+00 1.9708744e+11
6.855346082e+00 1.9310880e+11
6.869056774e+00 1.9139878e+11
6.882794888e+00 1.9201276e+11
6.896560478e+00 1.8968968e+11
6.910353599e+00 1.9033336e+11
6.924174306e+00 1.8399902e+11
6.938022654e+00 1.8806185e+11
6.951898700e+00 1.8408285e+11
6.965802497e+00 1.8273153e+11
6.979734102e+00 1.8395206e+11
6.993693570e+00 1.8647957e+11
7.007680957e+00 1.7600229e+11
7.021696319e+00 1.7467669e+11
7.035739712e+00 1.8229947e+11
7.049811191e+00 1.7293983e+11
7.063910814e+00 1.8067152e+11
7.078038635e+00 1.7020455e+11
7.092194713e+00 1.7371561e+11
7.106379102e+00 1.6920684e+11
7.120591860e+00 1.7089850e+11
7.134833044e+00 1.6890938e+11
7.149102710e+00 1.6820140e+11
7.163400916e+00 1.7194658e+11
7.177727717e+00 1.6848821e+11
7.192083173e+00 1.6625895e+11
7.206467339e+00 1.6322049e+11
7.220880274e+00 1.6327359e+11
7.235322034e+00 1.6303275e+11
7.249792679e+00 1.6157501e+11
7.264292264e+00 1.6138529e+11
7.278820848e+00 1.5908057e+11
7.293378490e+00 1.5782342e+11
7.307965247e+00 1.5717443e+11
7.322581178e+00 1.5907549e+11
7.337226340e+00 1.5060560e+11
7.351900793e+00 1.5238108e+11
7.366604594e+00 1.5162897e+11
7.381337803e+00 1.5192815e+11
7.396100479e+00 1.5353530e+11
7.410892680e+00 1.5029159e+11
7.425714465e+00 1.4647977e+11
7.440565894e+00 1.4586607e+11
7.455447026e+00 1.4881346e+11
7.470357920e+00 1.4682689e+11
7.485298636e+00 1.4882676e+11
7.500269233e+00 1.4229999e+11
7.515269772e+00 1.4393416e+11
7.530300311e+00 1.3843051e+11
7.545360912e+00 1.4219183e+11
7.560451634e+00 1.4375052e+11
7.575572537e+00 1.3537675e+11
7.590723682e+00 1.3547337e+11
7.605905129e+00 1.3178469e+11
7.621116940e+00 1.3314190e+11
7.636359173e+00 1.3168358e+11
7.651631892e+00 1.3229372e+11
7.666935156e+00 1.2937140e+11
7.682269026e+00 1.3213234e+11
7.697633564e+00 1.2991036e+11
7.713028831e+00 1.2798820e+11
7.728454889e+00 1.2593891e+11
7.743911799e+00 1.2277227e+11
7.759399622e+00 1.2342775e+11
7.774918421e+00 1.2417660e+11
7.790468258e+00 1.2336821e+11
7.806049195e+00 1.1876715e+11
7.821661293e+00 1.2242912e+11
7.837304616e+00 1.2111082e+11
7.852979225e+00 1.1940280e+11
7.868685183e+00 1.1544171e+11
7.884422554e+00 1.1525405e+11
7.900191399e+00 1.1295747e+11
7.915991782e+00 1.1375057e+11
7.931823765e+00 1.1601117e+11
7.947687413e+00 1.1326091e+11
7.963582788e+00 1.1014351e+11
7.979509953e+00 1.0947114e+11
7.995468973e+00 1.1114675e+11
8.011459911e+00 1.0964838e+11
8.027482831e+00 1.1066382e+11
8.043537796e+00 1.0631174e+11
8.059624872e+00 1.0786180e+11
8.075744122e+00 1.0590226e+11
8.091895610e+00 1.0662475e+11
8.108079401e+00 1.0336569e+11
8.124295560e+00 1.0364476e+11
8.140544151e+00 1.0575109e+11
8.156825240e+00 1.0199823e+11
8.173138890e+00 1.0441672e+11
8.189485168e+00 1.0105647e+11
8.205864138e+00 9.8594616e+10
8.222275866e+00 9.9916191e+10
8.238720418e+00 1.0001485e+11
8.255197859e+00 1.0044400e+11
8.271708255e+00 9.7483221e+10
8.288251671e+00 9.7369747e+10
8.304828175e+00 9.6926139e+10
8.321437831e+00 9.4879683e+10
8.338080707e+00 9.3239497e+10
8.354756868e+00 9.4629457e+10
8.371466382e+00 9.2385965e+10
8.388209314e+00 9.1235113e+10
8.404985733e+00 9.4184536e+10
8.421795705e+00 9.3109256e+10
8.438639296e+00 9.1474054e+10
8.455516575e+00 9.1016891e+10
8.472427608e+00 9.0850257e+10
8.489372463e+00 8.8362550e+10
8.506351208e+00 8.8468212e+10
8.523363910e+00 8.9226711e+10
8.540410638e+00 8.7641578e+10
8.557491459e+00 8.5373961e+10
8.574606442e+00 8.6651369e+10
8.591755655e+00 8.6303842e+10
8.608939166e+00 8.6264095e+10
8.626157045e+00 8.3910246e+10
8.643409359e+00 8.5788416e+10
8.660696178e+00 8.4165506e+10
8.678017570e+00 8.1317416e+10
8.695373605e+00 8.5995545e+10
8.712764352e+00 8.1088072e+10
8.730189881e+00 8.0971093e+10
8.747650261e+00 8.0610204e+10
8.765145561e+00 7.8279514e+10
8.782675852e+00 8.0016728e+10
8.800241204e+00 7.8504699e+10
8.817841687e+00 7.8453385e+10
8.835477370e+00 7.8396153e+10
8.853148325e+00 7.8657313e+10
8.870854621e+00 7.7389519e+10
8.888596331e+00 7.7203774e+10
8.906373523e+00 7.6527674e+10
8.924186270e+00 7.6445984e+10
8.942034643e+00 7.5123660e+10
8.959918712e+00 7.5142143e+10
8.977838550e+00 7.3232785e+10
8.995794227e+00 7.4995642e+10
9.013785815e+00 7.4383279e+10
9.031813387e+00 7.3080608e+10
9.049877013e+00 7.3776928e+10
9.067976767e+00 7.2253772e+10
9.086112721e+00 7.1895599e+10
9.104284946e+00 7.1928935e+10
9.122493516e+00 7.0864605e+10
9.140738503e+00 7.1339431e+10
9.159019980e+00 6.9814575e+10
9.177338020e+00 6.9437960e+10
9.195692696e+00 6.9180293e+10
9.214084082e+00 6.9415723e+10
9.232512250e+00 6.8764646e+10
9.250977274e+00 6.6883693e+10
9.269479229e+00 6.7321311e+10
9.288018187e+00 6.6514376e+10
9.306594224e+00 6.6877478e+10
9.325207412e+00 6.5320296e+10
9.343857827e+00 6.6099875e+10
9.362545543e+00 6.6106820e+10
9.381270634e+00 6.4505420e+10
9.400033175e+00 6.3458509e+10
9.418833241e+00 6.3523595e+10
9.437670908e+00 6.2984100e+10
9.456546250e+00 6.3102370e+10
9.475459342e+00 6.3090100e+10
9.494410261e+00 6.2245642e+10
9.513399081e+00 6.1868111e+10
9.532425880e+00 6.1993965e+10
9.551490731e+00 6.2352867e+10
9.570593713e+00 6.0975447e+10
9.589734900e+00 5.9669007e+10
9.608914370e+00 5.9170285e+10
9.628132199e+00 5.8810937e+10
9.647388463e+00 5.8482472e+10
9.666683240e+00 5.8438132e+10
9.686016607e+00 5.8279507e+10
9.705388640e+00 5.7575843e+10
9.724799417e+00 5.7386929e+10
9.744249016e+00 5.7641842e+10
9.763737514e+00 5.6946655e+10
9.783264989e+00 5.5868613e+10
9.802831519e+00 5.6666141e+10
9.822437182e+00 5.4891776e+10
9.842082056e+00 5.5565734e+10
9.861766221e+00 5.4281287e+10
9.881489753e+00 5.3851989e+10
9.901252732e+00 5.2396798e+10
9.921055238e+00 5.2502103e+10
9.940897348e+00 5.3913483e+10
9.960779143e+00 5.2682934e+10
9.980700701e+00 5.2263203e+10
1.000066210e+01 5.2076960e+10
1.002066343e+01 5.1911900e+10
1.004070475e+01 5.1785520e+10
1.006078616e+01 5.0095193e+10
1.008090774e+01 4.9475907e+10
1.010106955e+01 4.9784938e+10
1.012127169e+01 4.9587578e+10
1.014151423e+01 4.9366039e+10
1.016179726e+01 4.9788496e+10
1.018212086e+01 4.8347176e+10
1.020248510e+01 4.8939587e+10
1.022289007e+01 4.7556814e+10
1.024333585e+01 4.7369894e+10
1.026382252e+01 4.7524250e+10
1.028435017e+01 4.6364636e+10
1.030491887e+01 4.6688754e+10
1.032552870e+01 4.5204711e+10
1.034617976e+01 4.6112024e+10
1.036687212e+01 4.5004230e+10
1.038760586e+01 4.5443172e+10
1.040838108e+01 4.4474129e+10
1.042919784e+01 4.3185768e+10
1.045005623e+01 4.3990288e+10
1.047095635e+01 4.3097009e+10
1.049189826e+01 4.3562657e+10
1.051288206e+01 4.2675224e+10
1.053390782e+01 4.3070540e+10
1.055497564e+01 4.2036295e+10
1.057608559e+01 4.1751672e+10
1.059723776e+01 4.1145016e+10
1.061843223e+01 4.1096532e+10
1.063966910e+01 4.0985214e+10
1.066094844e+01 4.0954305e+10
1.068227033e+01 4.0377784e+10
1.070363487e+01 3.9799714e+10
1.072504214e+01 3.9737263e+10
1.074649223e+01 3.8789316e+10
1.076798521e+01 3.9216837e+10
1.078952118e+01 3.8172520e+10
1.081110023e+01 3.8947578e+10
1.083272243e+01 3.8557577e+10
1.085438787e+01 3.8191552e+10
1.087609665e+01 3.7765060e+10
1.089784884e+01 3.6234623e+10
1.091964454e+01 3.7128817e+10
1.094148383e+01 3.6125466e+10
1.096336679e+01 3.6648972e+10
1.098529353e+01 3.5105473e+10
1.100726411e+01 3.6118075e+10
1.102927864e+01 3.5814865e+10
1.105133720e+01 3.3942462e+10
1.107343987e+01 3.4835424e+10
1.109558675e+01 3.4885942e+10
1.111777793e+01 3.4022451e+10
1.114001348e+01 3.4632755e+10
1.116229351e+01 3.3938427e+10
1.118461810e+01 3.3188326e+10
1.120698733e+01 3.2869622e+10
1.122940131e+01 3.2935886e+10
1.125186011e+01 3.2935039e+10
1.127436383e+01 3.2796537e+10
1.129691256e+01 3.1875343e+10
1.131950638e+01 3.1610424e+10
1.134214540e+01 3.2029626e+10
1.136482969e+01 3.1251900e+10
1.138755935e+01 3.1356011e+10
1.141033447e+01 3.2065137e+10
1.143315513e+01 3.0375625e+10
1.145602144e+01 3.0481602e+10
1.147893349e+01 3.0000823e+10
1.150189135e+01 3.0260829e+10
1.152489514e+01 2.9659424e+10
1.154794493e+01 2.8675403e+10
1.157104082e+01 2.9014287e+10
1.159418290e+01 2.8465320e+10
1.161737126e+01 2.8815585e+10
1.164060601e+01 2.8542646e+10
1.166388722e+01 2.8874597e+10
1.168721499e+01 2.8272207e+10
1.171058942e+01 2.7850237e+10
1.173401060e+01 2.7137934e+10
1.175747862e+01 2.7052206e+10
1.178099358e+01 2.7210571e+10
1.180455557e+01 2.7047833e+10
1.182816468e+01 2.6396464e+10
1.185182101e+01 2.6722840e+10
1.187552465e+01 2.6909262e+10
1.189927570e+01 2.5949292e+10
1.192307425e+01 2.5851777e+10
1.194692040e+01 2.6266810e+10
1.197081424e+01 2.5838196e+10
1.199475587e+01 2.5505894e+10
1.201874538e+01 2.5120042e+10
1.204278287e+01 2.5096853e+10
1.206686844e+01 2.5191042e+10
1.209100217e+01 2.4674728e+10
1.211518418e+01 2.4664185e+10
1.213941455e+01 2.4171110e+10
1.216369338e+01 2.4022774e+10
1.218802076e+01 2.4424354e+10
1.221239680e+01 2.3736129e+10
1.223682160e+01 2.3926177e+10
1.226129524e+01 2.3459604e+10
1.228581783e+01 2.2970815e+10
1.231038947e+01 2.3080297e+10
1.233501025e+01 2.3201250e+10
1.235968027e+01 2.2661070e+10
1.238439963e+01 2.2823662e+10
1.240916843e+01 2.2031009e+10
1.243398676e+01 2.1557202e+10
1.245885474e+01 2.1973579e+10
1.248377245e+01 2.1839352e+10
1.250873999e+01 2.1681102e+10
1.253375747e+01 2.1015643e+10
1.255882499e+01 2.1362059e+10
1.258394264e+01 2.1093327e+10
1.260911052e+01 2.1078070e+10
1.263432874e+01 2.1046379e+10
1.265959740e+01 1.9972648e+10
1.268491659e+01 2.0509991e+10
1.271028643e+01 2.0722055e+10
1.273570700e+01 2.0671204e+10
1.276117842e+01 1.9787209e+10
1.278670077e+01 1.9462689e+10
1.281227417e+01 1.9424201e+10
1.283789872e+01 1.9871197e+10
1.286357452e+01 1.9607511e+10
1.288930167e+01 1.9768188e+10
1.291508027e+01 1.9072271e+10
1.294091043e+01 1.9013026e+10
1.296679225e+01 1.8817050e+10
1.299272584e+01 1.8846098e+10
1.301871129e+01 1.8508866e+10
1.304474871e+01 1.8312838e+10
1.307083821e+01 1.8459871e+10
1.309697989e+01 1.8342682e+10
1.312317385e+01 1.8330742e+10
1.314942019e+01 1.7674972e+10
1.317571903e+01 1.7589749e+10
1.320207047e+01 1.7488487e+10
1.322847461e+01 1.7416753e+10
1.325493156e+01 1.7285813e+10
1.328144142e+01 1.7361776e+10
1.330800431e+01 1.7014015e+10
1.333462032e+01 1.6847664e+10
1.336128956e+01 1.6830371e+10
1.338801214e+01 1.7004810e+10
1.341478816e+01 1.6815228e+10
1.344161774e+01 1.6325233e+10
1.346850097e+01 1.6325603e+10
1.349543797e+01 1.6280441e+10
1.352242885e+01 1.6183896e+10
1.354947371e+01 1.5670013e+10
1.357657266e+01 1.5676670e+10
1.360372580e+01 1.5843163e+10
1.363093325e+01 1.5480006e+10
1.365819512e+01 1.5447971e+10
1.368551151e+01 1.5533092e+10
1.371288253e+01 1.4929962e+10
1.374030830e+01 1.5186738e+10
1.376778891e+01 1.4499912e+10
1.379532449e+01 1.5234682e+10
1.382291514e+01 1.5111260e+10
1.385056097e+01 1.4518602e+10
1.387826209e+01 1.5062774e+10
1.390601862e+01 1.4494094e+10
1.393383065e+01 1.4666167e+10
1.396169832e+01 1.4182126e+10
1.398962171e+01 1.4316002e+10
1.401760096e+01 1.3949076e+10
1.404563616e+01 1.4185614e+10
1.407372743e+01 1.3773260e+10
1.410187488e+01 1.3990861e+10
1.413007863e+01 1.3159118e+10
1.415833879e+01 1.3163580e+10
1.418665547e+01 1.3320388e+10
1.421502878e+01 1.3025294e+10
1.424345884e+01 1.3523206e+10
1.427194576e+01 1.3318698e+10
1.430048965e+01 1.3323416e+10
1.432909063e+01 1.2767704e+10
1.435774881e+01 1.2886084e+10
1.438646430e+01 1.2624139e+10
1.441523723e+01 1.2691265e+10
1.444406771e+01 1.2478701e+10
1.447295584e+01 1.2229159e+10
1.450190175e+01 1.2226044e+10
1.453090556e+01 1.2311360e+10
1.455996737e+01 1.2410813e+10
1.458908730e+01 1.2043279e+10
1.461826548e+01 1.1987255e+10
1.464750201e+01 1.1395217e+10
1.467679701e+01 1.1541868e+10
1.470615061e+01 1.1375891e+10
1.473556291e+01 1.1659763e+10
1.476503403e+01 1.1705191e+10
1.479456410e+01 1.1713786e+10
1.482415323e+01 1.1476771e+10
1.485380154e+01 1.1290286e+10
1.488350914e+01 1.1181367e+10
1.491327616e+01 1.0975036e+10
1.494310271e+01 1.1237010e+10
1.497298892e+01 1.0644771e+10
1.500293489e+01 1.1042870e+10
1.503294076e+01 1.0688011e+10
1.506300665e+01 1.0877191e+10
1.509313266e+01 1.0737901e+10
1.512331892e+01 1.0419728e+10
1.515356556e+01 1.0636340e+10
1.518387269e+01 1.0132375e+10
1.521424044e+01 1.0580422e+10
1.524466892e+01 1.0052368e+10
1.527515826e+01 1.0151401e+10
1.530570857e+01 9.7619425e+09
1.533631999e+01 9.8000126e+09
1.536699263e+01 9.8086561e+09
1.539772662e+01 9.7949089e+09
1.542852207e+01 9.7366577e+09
1.545937911e+01 9.4072349e+09
1.549029787e+01 9.6072159e+09
1.552127847e+01 9.5136220e+09
1.555232102e+01 9.4350602e+09
1.558342567e+01 9.5157582e+09
1.561459252e+01 9.4868987e+09
1.564582170e+01 9.1776006e+09
1.567711335e+01 9.3067420e+09
1.570846757e+01 9.1978391e+09
1.573988451e+01 9.0730213e+09
1.577136428e+01 8.9554822e+09
1.580290701e+01 8.8931998e+09
1.583451282e+01 8.9247628e+09
1.586618185e+01 8.7636272e+09
1.589791421e+01 8.5868333e+09
1.592971004e+01 8.4654229e+09
1.596156946e+01 8.4856280e+09
1.599349260e+01 8.3082763e+09
1.602547958e+01 8.3177651e+09
1.605753054e+01 8.4423923e+09
1.608964560e+01 8.1736534e+09
1.612182489e+01 8.2054461e+09
1.615406854e+01 8.0697131e+09
1.618637668e+01 8.1797625e+09
1.621874943e+01 7.9119939e+09
1.625118693e+01 8.1507080e+09
1.628368931e+01 7.8486382e+09
1.631625668e+01 7.8092338e+09
1.634888920e+01 8.1396085e+09
1.638158698e+01 7.8128741e+09
1.641435015e+01 7.7374699e+09
1.644717885e+01 7.7099151e+09
1.648007321e+01 7.5254660e+09
1.651303336e+01 7.6230497e+09
1.654605942e+01 7.3299625e+09
1.657915154e+01 7.3592598e+09
1.661230984e+01 7.2312913e+09
1.664553446e+01 7.1151973e+09
1.667882553e+01 7.3858345e+09
1.671218318e+01 7.0892234e+09
1.674560755e+01 7.1608325e+09
1.677909876e+01 7.2859364e+09
1.681265696e+01 7.0281069e+09
1.684628228e+01 6.8861564e+09
1.687997484e+01 6.7645455e+09
1.691373479e+01 6.8582557e+09
1.694756226e+01 6.9253555e+09
1.698145738e+01 6.8105523e+09
1.701542030e+01 6.8907785e+09
1.704945114e+01 6.7576216e+09
1.708355004e+01 6.7193296e+09
1.711771714e+01 6.5059554e+09
1.715195258e+01 6.4254200e+09
1.718625648e+01 6.4840777e+09
1.722062899e+01 6.2698660e+09
1.725507025e+01 6.2246379e+09
1.728958039e+01 6.3452510e+09
1.732415955e+01 6.2670550e+09
1.735880787e+01 6.1562790e+09
1.739352549e+01 6.2336175e+09
1.742831254e+01 6.2475886e+09
1.746316917e+01 5.9984884e+09
1.749809550e+01 5.9929705e+09
1.753309169e+01 5.8690510e+09
1.756815788e+01 6.0058218e+09
1.760329419e+01 5.8751358e+09
1.763850078e+01 5.7351220e+09
1.767377778e+01 5.8060502e+09
1.770912534e+01 5.7863760e+09
1.774454359e+01 5.7261543e+09
1.778003268e+01 5.7282838e+09
1.781559274e+01 5.6479643e+09
1.785122393e+01 5.6127203e+09
1.788692638e+01 5.7148393e+09
1.792270023e+01 5.4438175e+09
1.795854563e+01 5.4696229e+09
1.799446272e+01 5.7482517e+09
1.803045165e+01 5.3229709e+09
1.806651255e+01 5.3220768e+09
1.810264557e+01 5.3168752e+09
1.813885087e+01 5.3095826e+09
1.817512857e+01 5.0941206e+09
1.821147882e+01 5.2268220e+09
1.824790178e+01 5.1277092e+09
1.828439759e+01 5.1516263e+09
1.832096638e+01 5.1251839e+09
1.835760831e+01 5.0862981e+09
1.839432353e+01 4.9649657e+09
1.843111218e+01 4.9678503e+09
1.846797440e+01 5.1190280e+09
1.850491035e+01 4.8883685e+09
1.854192017e+01 4.7618819e+09
1.857900401e+01 4.7170965e+09
1.861616202e+01 4.6929220e+09
1.865339434e+01 4.7416595e+09
1.869070113e+01 4.7412400e+09
1.872808253e+01 4.6783956e+09
1.876553870e+01 4.5161060e+09
1.880306978e+01 4.7440863e+09
1.884067592e+01 4.5883483e+09
1.887835727e+01 4.5098871e+09
1.891611398e+01 4.4951376e+09
1.895394621e+01 4.4444024e+09
1.899185410e+01 4.4304635e+09
1.902983781e+01 4.4997163e+09
1.906789749e+01 4.4022379e+09
1.910603328e+01 4.5530300e+09
1.914424535e+01 4.3529470e+09
1.918253384e+01 4.2226843e+09
1.922089891e+01 4.0660562e+09
1.925934070e+01 4.2383392e+09
1.929785939e+01 4.1334567e+09
1.933645510e+01 4.1063677e+09
1.937512801e+01 4.1844366e+09
1.941387827e+01 4.0515349e+09
1.945270603e+01 4.1038119e+09
1.949161144e+01 4.0599539e+09
1.953059466e+01 4.1219801e+09
1.956965585e+01 3.8445954e+09
1.960879516e+01 3.8643881e+09
1.964801275e+01 3.8608810e+09
1.968730878e+01 3.8963288e+09
1.972668340e+01 3.8899616e+09
1.976613676e+01 3.9017175e+09
1.980566904e+01 3.7278151e+09
1.984528037e+01 3.7179380e+09
1.988497094e+01 3.7035451e+09
1.992474088e+01 3.7126711e+09
1.996459036e+01 3.7018532e+09
